

## The number of loci caught by each filter.
## ipyrad API location: [assembly].statsfiles.s7_filters

                            total_filters  applied_order  retained_loci
total_prefiltered_loci             158080              0         158080
filtered_by_rm_duplicates               0              0         158080
filtered_by_max_indels               1540           1540         156540
filtered_by_max_snps                 1209            982         155558
filtered_by_max_shared_het           1251           1004         154554
filtered_by_min_sample             142500         140903          13651
filtered_by_max_alleles             35892           8604           5047
total_filtered_loci                  5047              0           5047


## The number of loci recovered for each Sample.
## ipyrad API location: [assembly].stats_dfs.s7_samples

         sample_coverage
101_ddr             4189
101_epi                4
103_ddr             4189
103_epi             3860
104_ddr             4292
104_epi             3221
105_ddr             4410
105_epi             3713
106_ddr             4333
106_epi             3967
107_ddr             2929
107_epi             2591
108_ddr             3664
108_epi             2956
109_ddr             3678
109_epi             3017
110_ddr             4314
110_epi             3598
111_ddr             4146
111_epi             3753
112_ddr             2379
112_epi             2192
113_ddr                5
113_epi             3382
114_ddr             3380
114_epi             3366
115_ddr             3604
115_epi             3527
116_ddr             3256
116_epi             2598
117_ddr             4091
117_epi             3266
118_ddr             4261
118_epi             3454
121_ddr             4000
121_epi             3103
122_ddr             4339
122_epi             3714
123_ddr             4313
123_epi             3318
124_ddr             3732
124_epi             2894
125_ddr             3884
125_epi             3796
126_ddr             3602
126_epi             3432
127_ddr             4205
127_epi             4152
128_ddr             4068
128_epi             3510
129_ddr             3838
129_epi             3532
130_ddr             4217
130_epi             3532
131_ddr             4105
131_epi             3566


## The number of loci for which N taxa have data.
## ipyrad API location: [assembly].stats_dfs.s7_loci

    locus_coverage  sum_coverage
1                0             0
2                0             0
3                0             0
4                0             0
5                0             0
6                0             0
7                0             0
8                0             0
9                0             0
10               0             0
11               0             0
12               0             0
13               0             0
14               0             0
15               0             0
16               0             0
17               0             0
18               0             0
19               0             0
20               0             0
21               0             0
22               0             0
23               0             0
24               0             0
25             299           299
26             308           607
27             288           895
28             243          1138
29             241          1379
30             200          1579
31             170          1749
32             169          1918
33             159          2077
34             169          2246
35             126          2372
36             113          2485
37             113          2598
38             118          2716
39             101          2817
40             122          2939
41              81          3020
42             104          3124
43              56          3180
44             105          3285
45              61          3346
46             105          3451
47              76          3527
48             124          3651
49              67          3718
50             110          3828
51              77          3905
52             170          4075
53             111          4186
54             855          5041
55               3          5044
56               3          5047


## The distribution of SNPs (var and pis) across loci.
## var = all variable sites (pis + autapomorphies)
## pis = parsimony informative site (minor allele in >1 sample)
## ipyrad API location: [assembly].stats_dfs.s7_snps

     var  sum_var   pis  sum_pis
0     97        0   329        0
1    323      323   668      668
2    690     1703  1029     2726
3   1015     4748   988     5690
4    830     8068   611     8134
5    537    10753   376    10014
6    366    12949   248    11502
7    269    14832   186    12804
8    201    16440   140    13924
9    151    17799   107    14887
10   119    18989    84    15727
11    93    20012    64    16431
12    84    21020    64    17199
13    76    22008    38    17693
14    33    22470    20    17973
15    27    22875    17    18228
16    24    23259    15    18468
17    17    23548    11    18655
18    16    23836    21    19033
19    25    24311    10    19223
20    14    24591     6    19343
21    15    24906     7    19490
22     8    25082     1    19512
23     7    25243     2    19558
24     3    25315     4    19654
25     2    25365     1    19679
26     2    25417     0    19679
27     0    25417     0    19679
28     0    25417     0    19679
29     1    25446     0    19679
30     1    25476     0    19679
31     0    25476     0    19679
32     1    25508     0    19679


## Final Sample stats summary

         state  reads_raw  reads_passed_filter  refseq_mapped_reads  refseq_unmapped_reads  clusters_total  clusters_hidepth  hetero_est  error_est  reads_consens  loci_in_assembly
101_ddr      7    3538396              3534921                 1098                2273700          184632             27147    0.008459   0.001965          26556              4189
101_epi      7      13376                13273                  760                  24870            8577               107    0.010971   0.007503             95                 4
103_ddr      7    5987274              5981597                 1336                3964998          440773             66873    0.007670   0.002134          65719              4189
103_epi      7    4246864              4242553                 1240                2359868          189009             19757    0.010964   0.001641          19336              3860
104_ddr      7    3910836              3907183                 3352                2648473          251616             46759    0.008742   0.002082          45731              4292
104_epi      7    1311758              1310536                 2002                 968270           74690             14777    0.008888   0.002117          14475              3221
105_ddr      7    7848465              7841525                 2812                4964909          630469             58844    0.008533   0.001524          57633              4410
105_epi      7    2906319              2903334                 1150                1685004          148064             17953    0.008649   0.002000          17519              3713
106_ddr      7    7888833              7881635                 3222                4901953          636695             67278    0.007474   0.001666          66013              4333
106_epi      7    5144893              5139679                 1102                2705720          201130             21969    0.008835   0.001529          21411              3967
107_ddr      7     784908               784223                 1508                 712198           78861             16657    0.008795   0.002158          16394              2929
107_epi      7     588020               587288                  926                 499396           44798             11423    0.009290   0.002224          11227              2591
108_ddr      7    2267880              2265415                 1728                1720286          173787             27570    0.009819   0.002146          26976              3664
108_epi      7    1261456              1260022                 1166                 507497           39769             14616    0.010412   0.001973          14269              2956
109_ddr      7    2131063              2128999                 1458                1435841          141396             25677    0.008027   0.001854          25186              3678
109_epi      7    1378780              1377286                  764                 917848          106172             13477    0.007893   0.001934          13237              3017
110_ddr      7    5916619              5910478                  488                3733311          293468             52531    0.009269   0.001861          51492              4314
110_epi      7    2608983              2606456                  936                1643942          168454             16627    0.008636   0.002023          16293              3598
111_ddr      7    4658522              4654134                 1224                2760329          263769             42211    0.008148   0.002029          41320              4146
111_epi      7    4139110              4134956                 1084                2176465          182240             19650    0.012297   0.001820          19107              3753
112_ddr      7     318434               318045                  828                 352297           51465             10561    0.007478   0.002671          10376              2379
112_epi      7     350436               350002                 1660                 311328           33659              9212    0.007623   0.002543           9075              2192
113_ddr      7      17077                17010                 1090                  31066           10712               127    0.016696   0.009698            112                 5
113_epi      7    2727255              2724658                 2846                1545851           99363             16005    0.009320   0.001963          15639              3382
114_ddr      7    1304624              1303418                 1364                1055228          108806             20474    0.007787   0.001964          20112              3380
114_epi      7    1547365              1545765                  956                 983594           91468             15383    0.007989   0.001887          15092              3366
115_ddr      7    2372986              2370530                41710                1712793          201195             21409    0.010524   0.002186          20821              3604
115_epi      7    2606307              2603826                53242                1806020          215564             21169    0.008853   0.001850          20596              3527
116_ddr      7    1986248              1984122                36196                 792590           71448             25399    0.009286   0.001797          24914              3256
116_epi      7    1280418              1279028                26112                 543406           59213             18528    0.009109   0.001916          18193              2598
117_ddr      7    3186550              3183057               126278                2337990          223422             38958    0.007564   0.002131          38284              4091
117_epi      7    2421815              2419397               104264                1865297          267811             30033    0.005711   0.001870          29551              3266
118_ddr      7    7518900              7512091                 4748                4683669          365029             62896    0.006924   0.001749          61847              4261
118_epi      7    3232709              3229238                  768                1969379          247209             17195    0.012595   0.001986          16773              3454
121_ddr      7    3814954              3811306                 2620                2461693          193131             50664    0.009474   0.002008          49849              4000
121_epi      7    2793276              2790303                  962                1823969          164858             16265    0.010057   0.002076          15897              3103
122_ddr      7    6251129              6244870                 3070                3833506          380263             58541    0.006084   0.001790          57580              4339
122_epi      7    3291083              3287788                  912                1864627          165994             18811    0.008261   0.001811          18420              3714
123_ddr      7    4838855              4833784                61502                3142885          319923             41091    0.009642   0.002083          40041              4313
123_epi      7    1927969              1926159                31858                1286553          145951             16042    0.012182   0.001930          15629              3318
124_ddr      7    2279170              2276756                 1568                1692721          152559             28280    0.009558   0.002059          27717              3732
124_epi      7    1641774              1640208                 2316                1052157          110185             13590    0.008270   0.001865          13335              2894
125_ddr      7    2572804              2570264                 2390                1907880          208448             45228    0.007355   0.002290          44514              3884
125_epi      7    2998274              2995516                 1088                1929977          198912             18885    0.010114   0.001699          18475              3796
126_ddr      7    4089067              4085006                 4244                3080610          269654             61122    0.008323   0.002271          60103              3602
126_epi      7    2635860              2633018                 1054                1837416          180144             16140    0.010835   0.001902          15775              3432
127_ddr      7    4236165              4232286                84092                2527702          299184             33643    0.006384   0.001677          33064              4205
127_epi      7    7837459              7830140               180212                4539106          527801             51048    0.008487   0.001437          50152              4152
128_ddr      7    4159586              4155458               102198                2625989          218884             37124    0.009635   0.001910          36464              4068
128_epi      7    2951363              2948328                82448                2039416          217469             26103    0.006432   0.001959          25674              3510
129_ddr      7    3398486              3395176               135696                2203220          209175             42121    0.009362   0.002005          41441              3838
129_epi      7    4651083              4646402               195142                3243656          396241             46904    0.006872   0.001871          46135              3532
130_ddr      7    3666431              3663017                 2962                2693861          265671             50842    0.007404   0.002177          49945              4217
130_epi      7    2201989              2199841                 1072                1362288          153157             16000    0.008607   0.001857          15625              3532
131_ddr      7    3814897              3811292               213054                2738550          303623             56907    0.007374   0.002276          55446              4105
131_epi      7    4765482              4761034               254542                3271522          415315             59327    0.007505   0.002021          57595              3566