36
45
49
58
65
71
79
80
87
95
99
103
105
112
118
119
176
195
202
236
239
251
253
260
291
297
299
300
314
316
329
346
348
389
405
409
424
426
433
478
499
503
541
553
562
600
610
612
613
660
663
673
698
723
729
738
762
766
774
788
820
849
888
893
899
926
936
942
954
971
972
974
975
992
995
997
1030
1036
1041
1043
1112
1118
1140
1146
1153
1166
1168
1179
1203
1207
1243
1267
1275
1283
1287
1299
1314
1334
1355
1367
1407
1415
1421
1425
1426
1438
1444
1446
1449
1452
1476
1481
1490
1499
1504
1512
1513
1531
1532
1550
1560
1577
1582
1585
1633
1637
1639
1665
1681
1687
1694
1704
1708
1716
1738
1757
1763
1807
1843
1866
1879
1881
1897
1898
1899
1919
1920
1922
1930
1935
1948
1956
1959
1969
1977
1988
1993
1997
2006
2014
2019
2024
2029
2036
2040
2066
2082
2096
2099
2100
2112
2130
2157
2177
2200
2209
2233
2239
2243
2262
2267
2271
2298
2299
2301
2302
2315
2317
2323
2377
2382
2390
2403
2418
2424
2434
2436
2437
2449
2454
2455
2461
2473
2486
2491
2511
2515
2516
2526
2534
2569
2576
2609
2624
2640
2677
2680
2692
2706
2712
2713
2725
2754
2763
2764
2771
2782
2834
2841
2846
2872
2894
2915
2917
2919
2925
2941
2947
2970
2981
2992
3001
3006
3007
3037
3047
3065
3068
3075
3096
3109
3114
3132
3133
3135
3140
3148
3153
3172
3175
3176
3182
3186
3193
3198
3237
3240
3246
3259
3271
3274
3326
3343
3344
3356
3359
3403
3404
3418
3435
3437
3442
3462
3466
3467
3469
3480
3493
3504
3514
3528
3529
3542
3546
3548
3550
3572
3574
3577
3589
3595
3604
3606
3614
3615
3618
3619
3627
3641
3650
3662
3670
3674
3676
3733
3747
3757
3758
3763
3764
3769
3787
3789
3796
3807
3811
3815
3823
3830
3833
3834
3842
3853
3883
3923
3926
3929
3951
3952
3962
3963
3979
3994
4003
4005
4013
4019
4024
4034
4063
4080
4090
4093
4096
4099
4102
4103
4104
4112
4134
4136
4142
4151
4167
4189
4196
4216
4220
4233
4238
4239
4253
4257
4260
4264
4294
4313
4315
4326
4334
4336
4343
4346
4349
4354
4356
4359
4361
4373
4380
4395
4398
4426
4432
4450
4451
4462
4465
4473
4474
4476
4494
4501
4505
4507
4508
4510
4525
4542
4553
4567
4579
4580
4582
4611
4614
4631
4633
4641
4658
4666
4671
4677
4680
4683
4685
4687
4691
4705
4710
4713
4716
4727
4756
4757
4768
4770
4774
4778
4783
4802
4821
4822
4825
4829
4846
4850
4853
4878
4894
4899
4900
4901
4911
4926
4935
4941
4958
4967
4968
4972
4989
4994
5001
5016
5027
5037
5040
5056
5064
5072
5082
5084
5118
5122
5125
5143
5151
5154
5160
5165
5173
5194
5196
5219
5246
5249
5255
5262
5285
5291
5300
5318
5322
5326
5343
5357
5361
5362
5364
5381
5389
5404
5420
5422
5424
5439
5445
5447
5458
5481
5487
5513
5515
5529
5530
5533
5538
5550
5552
5574
5587
5595
5609
5610
5612
5621
5623
5624
5648
5654
5675
5681
5687
5697
5712
5716
5718
5751
5754
5760
5771
5782
5799
5850
5859
5864
5884
5885
5889
5894
5895
5933
5946
5954
5956
5960
5969
5972
5983
6014
6045
6081
6087
6093
6107
6134
6163
6167
6186
6189
6196
6229
6263
6279
6303
6307
6314
6328
6329
6378
6381
6391
6401
6410
6419
6423
6431
6445
6451
6494
6502
6518
6530
6560
6565
6580
6581
6600
6612
6638
6664
6666
6673
6680
6681
6687
6699
6754
6759
6766
6769
6788
6793
6797
6815
6818
6826
6836
6842
6844
6846
6854
6861
6871
6880
6882
6884
6885
6928
6931
6946
6970
6986
7008
7022
7027
7034
7060
7063
7066
7077
7080
7084
7126
7173
7180
7190
7198
7210
7211
7231
7248
7251
7266
7268
7270
7310
7317
7324
7326
7333
7336
7350
7370
7372
7395
7406
7408
7423
7431
7447
7450
7456
7462
7489
7493
7496
7534
7535
7555
7557
7561
7564
7573
7576
7585
7592
7595
7598
7643
7652
7663
7695
7742
7754
7773
7787
7809
7821
7823
7830
7871
7873
7876
7882
7888
7894
7900
7907
7914
7915
7933
7938
7939
7942
7968
7972
7973
7981
7991
7993
8001
8007
8038
8045
8078
8086
8093
8094
8107
8110
8143
8157
8177
8196
8205
8223
8225
8229
8234
8236
8242
8254
8267
8271
8272
8273
8285
8290
8334
8342
8352
8359
8361
8365
8366
8388
8391
8404
8406
8427
8444
8457
8459
8474
8476
8487
8488
8492
8504
8514
8519
8521
8527
8559
8564
8575
8586
8592
8628
8657
8660
8667
8671
8694
8695
8702
8707
8724
8727
8750
8770
8772
8784
8790
8791
8792
8805
8837
8853
8867
8871
8892
8898
8912
8919
8927
8958
8963
8966
8967
8972
8975
9001
9002
9017
9021
9022
9038
9064
9083
9099
9101
9112
9123
9136
9147
9154
9156
9172
9174
9185
9192
9225
9233
9261
9266
9281
9300
9301
9307
9310
9322
9323
9324
9346
9348
9369
9377
9380
9381
9383
9401
9407
9420
9428
9429
9432
9469
9471
9474
9475
9477
9487
9489
9493
9498
9510
9521
9526
9528
9544
9546
9554
9557
9562
9597
9599
9624
9635
9640
9641
9675
9686
9700
9702
9720
9734
9748
9752
9789
9792
9810
9819
9824
9831
9834
9837
9854
9866
9870
9897
9903
9919
9941
9981
9986
9988
9990
9992
10007
10013
10021
10023
10034
10051
10072
10093
10095
10120
10122
10123
10124
10135
10141
10142
10149
10155
10206
10220
10222
10233
10264
10266
10274
10322
10330
10335
10336
10342
10347
10354
10356
10386
10387
10391
10396
10405
10408
10415
10424
10427
10443
10470
10478
10487
10490
10499
10500
10501
10502
10530
10567
10572
10581
10596
10598
10613
10615
10620
10641
10647
10651
10665
10675
10704
10707
10748
10749
10753
10758
10759
10775
10792
10795
10805
10806
10827
10835
10837
10841
10881
10883
10887
10905
10906
10909
10916
10926
10955
10968
10976
10985
11032
11041
11060
11076
11096
11100
11101
11107
11109
11137
11138
11172
11176
11193
11215
11216
11226
11233
11244
11248
11268
11274
11279
11312
11327
11335
11351
11357
11366
11375
11405
11411
11418
11420
11432
11458
11499
11507
11559
11561
11563
11569
11575
11580
11584
11586
11620
11629
11634
11637
11656
11668
11676
11688
11693
11702
11707
11714
11728
11729
11731
11752
11768
11777
11785
11787
11804
11806
11808
11823
11829
11841
11863
11918
11919
11922
11923
11930
11937
11955
11961
11967
11977
12002
12006
12055
12066
12080
12089
12090
12095
12102
12104
12127
12147
12156
12161
12162
12167
12169
12196
12203
12227
12235
12257
12260
12301
12341
12358
12359
12365
12373
12442
12450
12451
12467
12476
12510
12516
12517
12530
12533
12557
12558
12560
12572
12573
12582
12584
12587
12590
12607
12669
12707
12771
12777
12784
12802
12832
12834
12844
12845
12851
12873
12879
12885
12893
12896
12899
12901
12917
12953
12968
12971
12978
12985
12988
12990
13005
13013
13028
13034
13040
13047
13056
13077
13079
13084
13094
13105
13142
13145
13153
13179
13193
13198
13200
13214
13218
13220
13222
13245
13263
13273
13282
13294
13304
13329
13385
13402
13410
13412
13413
13414
13418
13419
13434
13435
13452
13455
13463
13466
13467
13473
13483
13484
13489
13497
13525
13527
13530
13532
13535
13540
13546
13550
13568
13581
13583
13599
13613
13629
13630
13639
13653
13659
13663
13665
13672
13686
13709
13710
13719
13733
13741
13742
13744
13745
13773
13775
13790
13868
13876
13905
13931
13934
13948
13961
13970
14007
14015
14021
14023
14031
14055
14057
14071
14104
14109
14134
14139
14140
14142
14147
14159
14167
14175
14184
14192
14194
14197
14221
14225
14238
14245
14246
14255
14268
14272
14275
14287
14293
14301
14315
14317
14330
14336
14363
14368
14386
14397
14408
14415
14423
14426
14428
14436
14470
14481
14484
14485
14490
14504
14508
14512
14518
14559
14569
14572
14574
14575
14584
14609
14612
14633
14684
14693
14703
14707
14720
14726
14733
14749
14750
14751
14756
14773
14775
14782
14797
14804
14811
14814
14835
14862
14867
14887
14888
14927
14944
14952
14957
14958
14961
15001
15002
15006
15013
15020
15035
15041
15048
15051
15059
15064
15068
15071
15073
15093
15104
15133
15136
15138
15157
15187
15202
15229
15233
15259
15261
15280
15292
15305
15329
15338
15339
15344
15348
15385
15400
15421
15422
15429
15450
15460
15465
15471
15475
15481
15489
15494
15495
15496
15503
15520
15531
15532
15553
15563
15568
15574
15590
15599
15607
15611
15617
15621
15633
15640
15678
15689
15709
15720
15721
15723
15755
15759
15800
15803
15805
15831
15845
15847
15876
15880
15890
15897
15904
15905
15906
15910
15911
15943
15956
15960
15972
15977
15980
15998
16009
16039
16046
16053
16055
16102
16125
16131
16172
16175
16187
16224
16254
16260
16270
16281
16286
16293
16301
16315
16326
16336
16342
16355
16391
16401
16406
16409
16418
16440
16444
16450
16471
16472
16485
16490
16496
16504
16531
16558
16565
16571
16575
16615
16627
16649
16658
16680
16693
16711
16720
16732
16734
16736
16740
16744
16764
16771
16783
16797
16829
16835
16847
16852
16861
16912
16929
16930
16947
16982
16990
16995
17014
17038
17039
17045
17049
17053
17061
17081
17102
17123
17124
17127
17131
17135
17136
17142
17144
17153
17158
17175
17178
17188
17193
17196
17197
17212
17229
17254
17256
17258
17264
17308
17314
17321
17344
17348
17349
17357
17363
17372
17378
17393
17403
17405
17407
17408
17410
17429
17440
17454
17484
17500
17516
17552
17557
17561
17569
17589
17595
17602
17612
17619
17643
17644
17645
17667
17680
17711
17713
17714
17744
17752
17754
17767
17774
17777
17787
17789
17821
17832
17841
17846
17865
17914
17926
17998
18001
18027
18030
18032
18050
18060
18061
18072
18077
18091
18105
18116
18130
18133
18154
18166
18169
18178
18185
18188
18189
18194
18195
18201
18213
18225
18226
18230
18238
18254
18258
18279
18292
18298
18302
18316
18322
18359
18366
18374
18380
18391
18394
18439
18445
18451
18458
18473
18476
18487
18499
18504
18532
18533
18542
18545
18578
18598
18604
18608
18612
18619
18620
18656
18665
18666
18668
18681
18683
18686
18700
18714
18726
18734
18759
18764
18772
18773
18789
18794
18800
18802
18832
18850
18884
18887
18894
18903
18907
18911
18923
18937
18938
18955
18963
18966
18970
18982
19020
19023
19036
19037
19038
19041
19047
19054
19074
19093
19106
19128
19131
19136
19152
19187
19230
19258
19263
19265
19278
19279
19283
19289
19299
19303
19307
19317
19337
19349
19376
19378
19403
19428
19453
19456
19461
19470
19474
19480
19483
19486
19487
19492
19528
19536
19539
19550
19561
19569
19580
19593
19595
19598
19601
19612
19613
19616
19617
19618
19633
19640
19641
19644
19645
19670
19675
19688
19690
19692
19693
19712
19731
19732
19763
19773
19775
19783
19792
19793
19807
19825
19835
19847
19855
19859
19869
19872
19879
19881
19886
19893
19903
19911
19920
19924
19946
19949
19955
19974
19975
19981
19986
19989
19994
20010
20011
20043
20049
20062
20074
20105
20111
20120
20123
20130
20139
20144
20148
20151
20157
20165
20182
20196
20201
20204
20216
20218
20245
20272
20302
20305
20341
20344
20350
20351
20358
20366
20411
20423
20455
20467
20476
20504
20519
20527
20539
20545
20554
20557
20563
20567
20571
20572
20586
20588
20590
20592
20593
20595
20610
20611
20621
20626
20633
20634
20650
20668
20675
20686
20705
20709
20730
20759
20764
20771
20800
20813
20815
20823
20835
20854
20879
20916
20961
20998
21020
21027
21071
21073
21108
21110
21119
21120
21123
21126
21138
21145
21148
21186
21262
21271
21277
21281
21289
21291
21310
21316
21318
21324
21360
21373
21386
21390
21423
21432
21441
21459
21468
21469
21481
21482
21489
21495
21508
21520
21533
21543
21556
21571
21572
21600
21613
21633
21669
21680
21689
21693
21720
21760
21762
21768
21789
21797
21813
21822
21847
21856
21874
21876
21882
21897
21914
21923
21929
21949
21962
21974
21976
22007
22009
22014
22019
22043
22044
22060
22115
22122
22141
22142
22143
22148
22159
22172
22173
22179
22185
22198
22206
22210
22223
22238
22240
22248
22250
22253
22270
22307
22311
22314
22331
22349
22352
22356
22366
22385
22391
22401
22409
22414
22416
22421
22423
22432
22443
22446
22460
22461
22468
22472
22482
22484
22486
22488
22507
22523
22526
22528
22579
22593
22601
22605
22609
22612
22643
22646
22648
22656
22658
22670
22677
22680
22684
22694
22713
22727
22740
22745
22747
22758
22763
22769
22821
22844
22866
22876
22891
22905
22915
22928
22932
22938
22940
22948
22949
22963
22971
22987
22988
22998
22999
23003
23016
23037
23056
23084
23095
23113
23122
23125
23128
23166
23167
23169
23172
23189
23200
23204
23240
23242
23265
23338
23343
23355
23363
23371
23375
23393
23427
23434
23437
23457
23466
23469
23473
23479
23486
23494
23502
23544
23545
23579
23588
23590
23598
23601
23611
23613
23641
23645
23648
23654
23674
23705
23757
23763
23766
23773
23798
23813
23835
23839
23846
23879
23881
23884
23896
23917
23925
23955
23960
23985
23999
24004
24006
24007
24014
24022
24025
24027
24030
24046
24057
24066
24083
24114
24115
24119
24146
24151
24156
24202
24213
24215
24217
24219
24240
24241
24258
24283
24287
24330
24341
24347
24362
24366
24376
24389
24394
24430
24456
24479
24484
24495
24532
24570
24572
24586
24598
24606
24616
24617
24637
24639
24644
24648
24669
24683
24687
24720
24730
24731
24763
24768
24777
24784
24786
24830
24848
24859
24864
24865
24867
24876
24885
24888
24901
24928
24939
24959
24960
24987
25000
25012
25016
25053
25059
25071
25095
25117
25119
25121
25130
25136
25167
25173
25175
25182
25195
25200
25205
25208
25231
25232
25258
25285
25324
25333
25371
25373
25375
25395
25398
25423
25425
25451
25461
25470
25471
25479
25500
25519
25583
25592
25596
25597
25602
25605
25634
25682
25691
25692
25744
25746
25764
25769
25786
25804
25811
25839
25854
25876
25879
25885
25892
25913
25918
25920
25926
25928
25936
25937
25964
25990
25999
26009
26019
26023
26024
26031
26033
26037
26047
26061
26070
26072
26090
26095
26096
26112
26113
26115
26118
26129
26149
26150
26156
26218
26229
26245
26263
26266
26284
26293
26295
26299
26307
26318
26384
26399
26400
26412
26420
26424
26456
26461
26466
26507
26509
26537
26539
26546
26557
26565
26592
26593
26597
26607
26645
26667
26672
26681
26683
26707
26728
26730
26781
26782
26797
26798
26810
26815
26821
26830
26838
26840
26852
26856
26861
26907
26917
26937
26938
26975
26981
26983
26986
27015
27019
27023
27050
27074
27088
27102
27118
27131
27140
27153
27156
27167
27175
27184
27187
27195
27207
27238
27242
27258
27275
27291
27295
27316
27317
27318
27325
27358
27365
27366
27372
27373
27375
27383
27391
27411
27427
27433
27457
27480
27496
27522
27545
27555
27556
27563
27584
27607
27631
27641
27648
27676
27683
27684
27700
27702
27719
27725
27732
27743
27757
27761
27771
27785
27789
27794
27802
27841
27847
27848
27857
27863
27899
27909
27911
27914
27919
27923
27937
27944
27980
27990
27991
28029
28031
28033
28049
28075
28079
28087
28092
28095
28128
28135
28136
28142
28154
28159
28162
28171
28197
28202
28221
28224
28233
28238
28241
28270
28273
28277
28280
28296
28314
28317
28319
28366
28367
28375
28409
28416
28422
28446
28451
28454
28456
28472
28488
28489
28497
28500
28518
28526
28539
28544
28549
28555
28589
28640
28652
28678
28681
28730
28731
28741
28745
28779
28784
28820
28824
28837
28839
28874
28879
28888
28900
28917
28918
28973
28991
28998
28999
29016
29025
29030
29056
29115
29120
29135
29136
29137
29141
29144
29149
29154
29159
29162
29170
29179
29188
29193
29199
29232
29237
29241
29250
29312
29334
29345
29348
29354
29356
29409
29411
29413
29420
29423
29429
29431
29451
29456
29463
29479
29481
29485
29489
29490
29502
29522
29534
29535
29543
29547
29549
29560
29587
29589
29592
29595
29605
29614
29630
29636
29650
29683
29694
29720
29736
29740
29764
29771
29776
29779
29794
29800
29834
29838
29856
29871
29891
29897
29908
29918
29923
29932
29935
29953
29962
29967
29970
29973
29975
29978
30005
30013
30034
30040
30070
30100
30115
30120
30139
30142
30143
30163
30164
30170
30188
30194
30223
30255
30256
30260
30269
30292
30313
30348
30365
30409
30421
30422
30425
30428
30433
30434
30440
30441
30443
30446
30447
30455
30486
30495
30497
30503
30504
30505
30508
30525
30555
30561
30569
30581
30590
30600
30613
30614
30630
30641
30644
30662
30666
30692
30694
30697
30708
30720
30727
30753
30754
30755
30764
30774
30775
30780
30785
30789
30791
30831
30882
30887
30890
30909
30911
30914
30918
30920
30935
30936
30947
30971
30988
31006
31007
31023
31026
31035
31036
31059
31062
31072
31078
31089
31096
31116
31118
31121
31154
31180
31195
31202
31203
31209
31266
31267
31271
31283
31284
31295
31310
31311
31314
31320
31323
31369
31380
31387
31395
31404
31408
31418
31421
31429
31437
31448
31461
31462
31467
31471
31491
31500
31505
31509
31516
31527
31564
31565
31586
31589
31606
31612
31620
31625
31626
31635
31639
31650
31680
31686
31710
31721
31740
31841
31848
31878
31894
31906
31920
31924
31948
31949
31960
31971
31984
31989
32043
32047
32092
32120
32126
32144
32156
32157
32161
32174
32183
32187
32196
32201
32240
32243
32262
32286
32322
32337
32338
32339
32371
32386
32412
32414
32415
32468
32480
32497
32504
32523
32534
32536
32548
32583
32597
32600
32642
32644
32653
32671
32677
32678
32679
32699
32713
32718
32719
32724
32730
32739
32784
32791
32799
32803
32827
32852
32854
32858
32866
32883
32888
32915
32917
32926
32956
32957
32969
32975
32987
32993
33011
33014
33030
33032
33051
33069
33079
33106
33134
33145
33152
33165
33198
33214
33236
33238
33244
33247
33263
33265
33272
33274
33275
33292
33296
33297
33300
33310
33321
33327
33332
33340
33355
33356
33367
33384
33386
33390
33401
33411
33430
33433
33437
33442
33443
33457
33459
33505
33509
33522
33537
33547
33564
33570
33575
33612
33614
33615
33626
33643
33657
33659
33660
33667
33691
33713
33747
33751
33758
33765
33782
33791
33793
33803
33804
33807
33827
33836
33846
33855
33867
33886
33887
33890
33898
33904
33910
33912
33919
33946
33947
33961
33993
34025
34029
34044
34055
34081
34119
34158
34159
34161
34165
34173
34198
34214
34221
34229
34230
34234
34246
34255
34267
34270
34272
34280
34291
34294
34310
34356
34375
34384
34407
34413
34415
34419
34424
34426
34433
34447
34505
34515
34516
34520
34524
34529
34538
34539
34540
34546
34571
34575
34578
34580
34589
34595
34609
34614
34650
34651
34663
34665
34670
34696
34705
34708
34710
34722
34725
34728
34735
34742
34747
34773
34783
34793
34799
34815
34839
34861
34908
34917
34927
34944
34945
34950
34966
34986
34988
34994
35018
35019
35020
35045
35092
35096
35100
35104
35117
35146
35147
35149
35150
35154
35165
35178
35189
35196
35197
35209
35225
35253
35267
35298
35306
35342
35346
35347
35352
35353
35383
35397
35399
35415
35417
35427
35431
35439
35440
35444
35459
35465
35470
35474
35487
35488
35505
35507
35509
35515
35516
35522
35529
35558
35559
35561
35562
35566
35591
35615
35624
35647
35669
35681
35684
35711
35723
35731
35733
35737
35755
35763
35765
35774
35786
35791
35793
35806
35821
35823
35845
35852
35871
35880
35898
35901
35907
35915
35916
35925
35934
35937
35953
35954
35966
35978
35995
36002
36010
36018
36031
36045
36052
36063
36071
36078
36086
36101
36104
36106
36108
36120
36130
36135
36136
36159
36160
36161
36165
36182
36189
36197
36209
36223
36253
36266
36286
36325
36369
36375
36390
36392
36409
36410
36427
36436
36475
36507
36511
36518
36537
36554
36584
36586
36588
36594
36619
36628
36640
36642
36650
36651
36672
36703
36705
36715
36717
36740
36748
36751
36775
36785
36795
36815
36822
36823
36836
36857
36858
36863
36870
36887
36893
36912
36917
36920
36931
36942
36951
36984
36990
37003
37017
37041
37052
37067
37074
37088
37127
37131
37144
37146
37157
37199
37205
37211
37232
37243
37303
37324
37345
37383
37397
37426
37459
37461
37462
37495
37502
37517
37527
37532
37534
37546
37549
37576
37599
37603
37620
37624
37633
37634
37641
37642
37652
37666
37670
37675
37697
37700
37702
37703
37706
37717
37725
37770
37773
37839
37854
37856
37871
37872
37878
37879
37895
37899
37906
37907
37922
37923
37924
37950
37962
37988
38003
38008
38017
38019
38026
38027
38030
38032
38041
38042
38098
38099
38125
38136
38141
38146
38148
38149
38180
38185
38186
38213
38233
38249
38281
38283
38290
38312
38335
38346
38355
38359
38364
38366
38391
38403
38420
38428
38448
38450
38452
38454
38468
38469
38497
38498
38507
38515
38517
38545
38566
38603
38617
38626
38629
38638
38648
38650
38663
38664
38685
38720
38722
38723
38725
38752
38776
38780
38795
38812
38821
38825
38834
38835
38871
38877
38883
38893
38899
38927
38931
38954
38958
38983
38992
39021
39024
39053
39062
39080
39091
39095
39101
39115
39117
39139
39158
39159
39186
39188
39194
39200
39202
39205
39228
39252
39257
39279
39294
39296
39311
39340
39355
39366
39368
39388
39398
39411
39414
39444
39452
39456
39485
39493
39494
39515
39516
39532
39533
39543
39546
39557
39564
39586
39589
39598
39603
39607
39643
39675
39679
39693
39696
39721
39727
39729
39731
39758
39785
39806
39817
39830
39843
39866
39891
39902
39916
39921
39945
39966
39993
39996
39998
40023
40032
40035
40044
40064
40071
40089
40119
40125
40138
40147
40181
40211
40218
40234
40249
40262
40264
40265
40267
40298
40301
40316
40318
40334
40346
40357
40381
40385
40392
40394
40405
40432
40443
40459
40464
40510
40533
40549
40551
40556
40558
40586
40610
40625
40629
40637
40712
40757
40772
40775
40779
40781
40784
40793
40798
40860
40881
40882
40886
40898
40906
40941
40949
40963
40967
40976
41008
41014
41034
41038
41039
41070
41074
41106
41108
41114
41116
41117
41119
41121
41123
41137
41140
41154
41171
41207
41213
41223
41256
41318
41320
41325
41343
41349
41352
41353
41354
41373
41422
41440
41461
41464
41499
41510
41541
41550
41568
41570
41615
41617
41622
41629
41641
41649
41726
41743
41746
41775
41791
41808
41810
41828
41829
41836
41841
41844
41891
41901
41921
41954
41964
41984
41987
41997
42005
42009
42013
42019
42043
42053
42063
42065
42084
42087
42129
42131
42137
42142
42161
42181
42182
42198
42213
42222
42240
42245
42264
42266
42281
42289
42296
42305
42321
42322
42328
42338
42353
42376
42393
42402
42417
42418
42427
42428
42438
42441
42460
42463
42466
42469
42495
42513
42533
42546
42553
42557
42565
42594
42604
42612
42644
42655
42676
42679
42683
42695
42707
42720
42721
42732
42735
42757
42796
42802
42807
42822
42823
42824
42833
42838
42862
42887
42888
42899
42912
42929
42938
42941
42945
42962
42970
42982
43005
43012
43019
43028
43034
43037
43045
43052
43055
43069
43071
43085
43089
43094
43102
43118
43135
43147
43155
43174
43181
43188
43194
43209
43212
43262
43341
43350
43370
43372
43400
43421
43425
43441
43447
43453
43488
43508
43513
43526
43533
43535
43538
43541
43545
43549
43562
43569
43578
43595
43604
43611
43643
43647
43652
43655
43693
43694
43715
43751
43756
43774
43821
43822
43828
43832
43843
43844
43845
43855
43856
43866
43911
43948
43974
43978
44047
44060
44074
44082
44083
44095
44129
44154
44155
44157
44161
44171
44178
44187
44199
44208
44211
44215
44220
44240
44247
44269
44286
44304
44311
44320
44327
44332
44358
44372
44374
44376
44387
44392
44398
44404
44440
44458
44461
44476
44480
44492
44495
44501
44526
44554
44565
44579
44590
44591
44599
44601
44603
44629
44635
44637
44640
44641
44642
44650
44695
44701
44711
44726
44738
44753
44759
44765
44767
44792
44804
44812
44817
44819
44851
44879
44902
44906
44918
44932
44935
44947
44948
44949
44962
44966
44975
44983
44987
44998
44999
45022
45053
45063
45064
45121
45127
45140
45171
45172
45212
45224
45243
45249
45252
45255
45262
45281
45285
45315
45330
45343
45344
45357
45359
45433
45454
45479
45486
45496
45501
45505
45532
45540
45542
45559
45571
45584
45586
45590
45599
45616
45634
45667
45668
45670
45681
45700
45705
45716
45718
45722
45750
45766
45775
45780
45782
45785
45796
45799
45802
45828
45839
45841
45847
45859
45867
45868
45942
45951
45960
45970
45971
45973
46026
46035
46072
46077
46105
46130
46143
46148
46158
46202
46206
46215
46223
46238
46244
46256
46259
46282
46287
46296
46306
46313
46314
46318
46319
46321
46326
46333
46357
46370
46374
46377
46387
46397
46410
46413
46416
46419
46445
46451
46453
46457
46499
46503
46514
46525
46533
46554
46558
46580
46586
46597
46599
46606
46615
46620
46628
46653
46654
46657
46666
46680
46686
46715
46759
46772
46779
46816
46826
46830
46843
46872
46877
46878
46883
46895
46900
46905
46921
46931
46933
46943
46951
46953
46986
46991
47012
47026
47042
47053
47056
47080
47119
47125
47126
47130
47158
47162
47166
47179
47190
47199
47228
47235
47243
47256
47267
47273
47284
47293
47300
47315
47320
47336
47337
47358
47379
47393
47405
47406
47411
47415
47431
47438
47452
47482
47503
47505
47523
47542
47554
47557
47562
47630
47642
47650
47663
47679
47711
47731
47739
47745
47747
47749
47769
47770
47772
47776
47798
47808
47833
47834
47835
47844
47860
47869
47870
47886
47888
47889
47893
47918
47920
47931
47936
47961
47964
47999
48023
48032
48041
48080
48084
48105
48111
48129
48154
48157
48171
48188
48192
48207
48210
48218
48227
48244
48245
48254
48279
48286
48290
48295
48303
48312
48352
48363
48367
48374
48386
48408
48411
48414
48437
48442
48469
48474
48482
48490
48527
48548
48562
48582
48599
48600
48609
48615
48628
48662
48704
48710
48726
48747
48771
48775
48782
48792
48797
48799
48816
48831
48841
48847
48867
48870
48871
48877
48895
48910
48932
48977
48979
48985
48999
49006
49014
49018
49036
49037
49051
49073
49074
49076
49087
49095
49097
49101
49106
49148
49152
49180
49238
49248
49257
49262
49266
49289
49290
49311
49317
49339
49360
49375
49388
49390
49407
49413
49422
49429
49432
49443
49468
49477
49478
49491
49548
49577
49590
49604
49620
49638
49654
49656
49668
49669
49696
49698
49701
49713
49728
49731
49733
49742
49746
49753
49767
49786
49825
49839
49862
49870
49884
49888
49896
49900
49915
49918
49921
49923
49929
49939
49987
49989
49996
50006
50009
50016
50017
50022
50035
50039
50086
50102
50113
50123
50138
50139
50154
50161
50165
50172
50189
50198
50205
50221
50223
50229
50258
50262
50264
50272
50279
50295
50296
50298
50309
50323
50335
50382
50387
50389
50405
50439
50443
50450
50453
50472
50523
50529
50532
50560
50569
50571
50576
50578
50579
50595
50598
50609
50619
50620
50626
50692
50693
50706
50712
50715
50752
50757
50759
50761
50767
50797
50807
50824
50836
50867
50869
50876
50894
50942
50952
51017
51046
51049
51065
51093
51098
51099
51106
51108
51123
51126
51136
51142
51153
51203
51218
51220
51242
51243
51247
51279
51291
51294
51306
51386
51404
51418
51457
51491
51508
51513
51518
51519
51532
51537
51594
51625
51650
51652
51661
51663
51678
51681
51694
51700
51701
51717
51723
51773
51791
51796
51815
51818
51833
51837
51878
51911
51919
51951
51958
51967
51984
51995
51998
52003
52022
52046
52047
52049
52101
52114
52128
52150
52179
52190
52192
52199
52200
52222
52230
52247
52249
52257
52258
52283
52287
52299
52312
52314
52323
52350
52356
52359
52366
52368
52390
52423
52440
52451
52483
52498
52505
52519
52528
52562
52620
52624
52651
52652
52666
52683
52707
52718
52753
52768
52771
52778
52804
52817
52827
52830
52845
52871
52890
52901
52907
52910
52928
52946
52954
52967
52976
52987
52991
52999
53025
53032
53038
53039
53041
53082
53106
53135
53137
53138
53161
53177
53205
53225
53235
53289
53310
53311
53312
53317
53318
53328
53354
53367
53370
53374
53382
53388
53396
53480
53497
53504
53505
53514
53517
53522
53524
53527
53541
53543
53545
53559
53564
53572
53576
53581
53590
53603
53609
53612
53633
53656
53667
53674
53675
53704
53720
53729
53776
53785
53810
53819
53828
53840
53854
53856
53864
53891
53902
53909
53922
53942
53958
53977
53978
53986
54003
54019
54026
54038
54054
54055
54069
54096
54106
54110
54155
54161
54165
54172
54210
54215
54251
54261
54286
54297
54298
54307
54308
54338
54347
54357
54359
54360
54385
54404
54409
54427
54452
54453
54454
54458
54471
54482
54490
54492
54493
54496
54512
54513
54533
54536
54542
54586
54599
54603
54666
54693
54696
54724
54744
54748
54756
54764
54766
54779
54780
54797
54850
54859
54875
54885
54915
54949
54952
54958
54961
54973
54977
54982
54983
54984
55038
55049
55066
55068
55076
55105
55110
55124
55136
55144
55146
55148
55161
55166
55182
55186
55190
55196
55200
55261
55264
55297
55299
55321
55323
55338
55357
55364
55366
55382
55384
55389
55392
55405
55408
55424
55427
55447
55450
55454
55455
55465
55494
55496
55505
55506
55507
55511
55513
55515
55523
55535
55558
55577
55618
55621
55623
55628
55641
55676
55680
55695
55710
55714
55734
55745
55768
55809
55811
55828
55834
55856
55893
55902
55905
55948
55953
55956
55967
55973
55976
55980
55983
55985
55989
55995
56003
56005
56006
56033
56036
56041
56054
56061
56066
56074
56087
56105
56135
56140
56163
56164
56171
56172
56182
56185
56187
56197
56218
56294
56299
56320
56322
56326
56365
56370
56400
56402
56425
56429
56461
56478
56488
56513
56517
56534
56545
56574
56620
56625
56647
56650
56661
56688
56692
56703
56704
56713
56716
56729
56737
56745
56762
56770
56771
56778
56779
56790
56817
56824
56835
56859
56864
56890
56896
56898
56908
56909
56921
56923
56924
56945
56964
56970
56981
56984
56995
56997
57029
57043
57046
57054
57069
57087
57102
57104
57120
57137
57142
57169
57176
57178
57181
57199
57205
57207
57218
57229
57247
57253
57269
57280
57283
57293
57296
57303
57313
57317
57322
57325
57330
57336
57371
57372
57398
57411
57429
57446
57455
57457
57498
57511
57518
57547
57553
57571
57615
57619
57620
57627
57646
57673
57680
57690
57692
57696
57710
57714
57717
57720
57731
57732
57737
57749
57766
57779
57819
57837
57839
57841
57843
57857
57881
57886
57887
57929
57930
57956
57959
57967
58006
58011
58024
58028
58034
58035
58041
58060
58078
58079
58083
58084
58088
58117
58139
58152
58155
58157
58188
58202
58205
58212
58249
58256
58269
58298
58341
58343
58347
58350
58356
58366
58383
58402
58403
58411
58419
58434
58437
58469
58492
58498
58527
58544
58552
58569
58578
58582
58611
58617
58636
58661
58669
58673
58678
58681
58690
58694
58697
58712
58716
58738
58746
58748
58761
58778
58788
58789
58801
58808
58824
58828
58845
58848
58858
58861
58870
58887
58888
58891
58901
58907
58908
58910
58943
58945
58956
58957
58973
58983
58985
59020
59034
59039
59043
59053
59073
59087
59123
59128
59138
59145
59167
59180
59189
59195
59197
59201
59209
59210
59212
59215
59222
59228
59229
59231
59269
59305
59309
59340
59358
59363
59364
59399
59406
59449
59457
59460
59466
59471
59477
59496
59497
59506
59530
59531
59568
59612
59619
59656
59659
59667
59688
59691
59713
59723
59724
59737
59747
59756
59761
59768
59776
59781
59815
59830
59832
59837
59838
59850
59852
59856
59880
59887
59896
59901
59947
59954
59961
59980
59990
59991
60012
60015
60021
60030
60043
60084
60103
60110
60114
60115
60124
60131
60137
60193
60195
60206
60239
60250
60257
60304
60309
60312
60370
60375
60394
60418
60420
60457
60468
60469
60505
60508
60509
60527
60533
60549
60570
60576
60578
60592
60610
60611
60631
60639
60652
60663
60664
60683
60687
60695
60712
60718
60736
60753
60755
60798
60800
60813
60814
60841
60869
60873
60887
60897
60922
60923
60966
60968
60974
60988
60993
60996
61003
61042
61049
61050
61064
61069
61078
61080
61096
61115
61117
61142
61148
61173
61213
61218
61242
61254
61256
61307
61308
61310
61317
61321
61332
61336
61343
61350
61369
61371
61378
61389
61408
61416
61432
61443
61445
61451
61504
61518
61524
61527
61534
61540
61593
61594
61617
61642
61648
61655
61663
61671
61696
61709
61738
61762
61767
61775
61777
61784
61822
61823
61826
61830
61859
61888
61925
61948
61960
61990
61995
61997
62004
62008
62011
62054
62066
62068
62085
62098
62127
62135
62143
62148
62157
62170
62173
62175
62184
62207
62222
62225
62243
62252
62274
62276
62297
62314
62320
62323
62327
62338
62349
62360
62362
62373
62382
62384
62385
62420
62467
62469
62476
62487
62495
62503
62515
62532
62562
62565
62592
62598
62599
62602
62627
62636
62649
62658
62672
62674
62682
62714
62722
62731
62778
62786
62794
62801
62805
62815
62829
62834
62885
62901
62909
62921
62922
62924
62925
62945
62960
62963
62971
62975
62976
62983
62984
62989
62996
63001
63002
63050
63059
63060
63070
63084
63088
63124
63133
63135
63148
63149
63150
63156
63160
63198
63212
63217
63237
63241
63277
63279
63286
63293
63303
63309
63313
63322
63338
63342
63344
63360
63368
63369
63373
63377
63381
63393
63399
63401
63406
63414
63421
63434
63455
63476
63501
63509
63552
63574
63604
63615
63626
63628
63630
63641
63674
63700
63702
63707
63715
63722
63727
63731
63765
63787
63802
63806
63825
63846
63849
63867
63896
63936
63940
63950
63973
63980
63986
64005
64007
64009
64020
64052
64072
64082
64093
64104
64111
64112
64113
64115
64140
64177
64178
64179
64191
64200
64202
64224
64228
64229
64234
64280
64317
64330
64335
64363
64430
64435
64442
64445
64452
64458
64464
64499
64519
64522
64533
64541
64555
64559
64568
64584
64597
64604
64613
64618
64634
64685
64691
64695
64712
64726
64728
64732
64733
64741
64742
64753
64763
64764
64779
64790
64791
64796
64801
64815
64833
64841
64852
64863
64865
64898
64909
64954
64958
64960
64973
64977
65011
65017
65040
65051
65077
65097
65102
65110
65141
65158
65183
65193
65206
65229
65230
65251
65252
65278
65283
65292
65294
65365
65376
65402
65416
65438
65465
65478
65506
65509
65510
65522
65527
65532
65570
65572
65596
65600
65605
65607
65611
65640
65662
65689
65695
65700
65702
65703
65704
65705
65726
65742
65774
65808
65814
65824
65827
65831
65837
65850
65867
65870
65874
65878
65886
65888
65897
65904
65907
65917
65920
65948
65977
65980
66002
66006
66018
66054
66059
66078
66135
66138
66147
66152
66156
66159
66201
66202
66205
66215
66216
66225
66234
66241
66242
66244
66247
66248
66253
66257
66278
66280
66281
66283
66306
66309
66347
66351
66367
66375
66385
66405
66409
66413
66416
66440
66450
66471
66473
66474
66482
66483
66485
66506
66514
66530
66538
66571
66573
66582
66591
66594
66608
66615
66649
66659
66670
66708
66711
66719
66733
66782
66784
66785
66791
66803
66814
66821
66826
66833
66849
66857
66865
66868
66876
66910
66928
66946
66960
66961
66962
66985
66995
66996
66997
67010
67018
67019
67020
67041
67048
67052
67058
67061
67063
67069
67077
67079
67085
67104
67110
67125
67161
67188
67203
67204
67207
67218
67228
67240
67264
67272
67293
67302
67303
67320
67337
67343
67345
67362
67365
67379
67393
67395
67409
67435
67468
67472
67473
67476
67485
67515
67522
67561
67580
67646
67657
67663
67667
67696
67697
67707
67735
67741
67762
67764
67767
67778
67780
67783
67814
67815
67833
67851
67886
67890
67892
67896
67921
67949
67954
67961
67965
67969
67979
67986
67987
68002
68005
68021
68045
68073
68089
68180
68190
68199
68203
68209
68216
68226
68228
68234
68236
68238
68239
68253
68258
68265
68269
68275
68296
68314
68315
68339
68360
68368
68373
68375
68395
68400
68401
68404
68406
68413
68416
68417
68439
68441
68445
68450
68451
68462
68488
68526
68552
68560
68578
68611
68612
68613
68632
68653
68654
68656
68662
68664
68669
68675
68681
68697
68732
68742
68744
68747
68794
68795
68806
68808
68812
68813
68821
68825
68832
68861
68866
68874
68887
68913
68915
68935
68960
68972
68981
68997
69004
69005
69007
69037
69041
69056
69065
69105
69108
69118
69119
69131
69153
69193
69200
69209
69220
69222
69224
69229
69234
69249
69283
69323
69337
69370
69396
69414
69435
69440
69509
69517
69526
69549
69558
69569
69586
69591
69608
69626
69632
69645
69665
69702
69707
69725
69732
69771
69790
69804
69826
69837
69842
69885
69893
69898
69948
69957
69976
69985
69989
69995
70001
70009
70035
70038
70048
70049
70055
70059
70074
70086
70092
70101
70109
70126
70130
70161
70178
70214
70234
70238
70255
70267
70273
70281
70312
70323
70324
70341
70343
70374
70397
70423
70428
70434
70448
70460
70479
70487
70514
70517
70518
70530
70548
70569
70575
70578
70579
70582
70588
70589
70590
70594
70626
70632
70662
70664
70699
70739
70742
70775
70780
70789
70793
70799
70800
70812
70814
70843
70847
70859
70886
70896
70909
70911
70937
70941
70958
70961
70962
70971
70974
70983
70988
70989
71008
71012
71020
71025
71043
71049
71050
71076
71086
71088
71090
71097
71102
71104
71108
71112
71131
71192
71202
71213
71222
71232
71244
71249
71251
71270
71275
71290
71332
71340
71344
71346
71370
71402
71409
71411
71418
71420
71423
71427
71444
71451
71453
71462
71463
71464
71466
71472
71483
71500
71506
71512
71520
71530
71545
71547
71553
71572
71579
71605
71607
71642
71665
71693
71704
71707
71711
71715
71735
71780
71785
71786
71787
71805
71811
71855
71856
71865
71874
71875
71899
71903
71910
71911
71913
71915
71919
71925
71926
71931
71942
71943
71955
71956
71968
72014
72017
72018
72034
72041
72104
72110
72114
72125
72136
72141
72159
72163
72170
72185
72200
72204
72218
72231
72261
72270
72291
72310
72316
72317
72320
72336
72351
72356
72357
72358
72361
72364
72380
72381
72384
72397
72398
72414
72421
72425
72431
72438
72449
72450
72474
72478
72479
72481
72491
72508
72511
72531
72548
72570
72576
72577
72581
72587
72601
72632
72683
72687
72689
72690
72712
72719
72729
72745
72751
72780
72785
72792
72797
72829
72830
72837
72839
72842
72843
72855
72865
72874
72908
72914
72922
73002
73014
73023
73026
73028
73031
73043
73049
73053
73082
73084
73085
73088
73090
73103
73121
73136
73142
73146
73168
73202
73207
73212
73216
73220
73221
73246
73266
73274
73278
73296
73323
73331
73332
73355
73378
73384
73398
73406
73420
73449
73480
73485
73487
73514
73567
73569
73575
73585
73593
73627
73628
73630
73634
73668
73673
73680
73684
73688
73692
73694
73708
73709
73714
73720
73721
73736
73746
73764
73770
73782
73786
73788
73814
73828
73830
73838
73843
73848
73862
73865
73874
73897
73906
73936
73944
73966
73991
74010
74012
74031
74065
74068
74072
74074
74081
74118
74143
74158
74170
74173
74181
74182
74185
74190
74198
74219
74221
74226
74233
74264
74277
74292
74306
74313
74332
74335
74355
74361
74370
74401
74408
74440
74441
74447
74450
74452
74468
74502
74512
74513
74514
74522
74523
74525
74531
74532
74535
74546
74563
74583
74585
74587
74596
74609
74612
74620
74628
74641
74657
74660
74666
74680
74682
74707
74726
74733
74743
74749
74780
74782
74784
74791
74799
74808
74822
74825
74831
74839
74879
74918
74928
74951
74974
74984
74990
74998
75014
75022
75023
75034
75060
75073
75075
75079
75096
75102
75139
75154
75158
75161
75166
75170
75176
75185
75188
75194
75196
75200
75203
75230
75237
75242
75246
75290
75301
75305
75306
75309
75312
75313
75324
75331
75346
75371
75378
75380
75402
75404
75411
75420
75474
75475
75478
75481
75500
75503
75517
75529
75530
75547
75588
75589
75595
75596
75615
75616
75624
75628
75634
75653
75655
75657
75681
75684
75712
75731
75742
75760
75764
75766
75797
75818
75851
75855
75863
75869
75878
75913
75919
75939
75962
75975
75979
75987
75992
76023
76026
76042
76054
76070
76076
76084
76088
76093
76097
76098
76109
76133
76140
76171
76183
76215
76216
76238
76251
76254
76273
76284
76286
76288
76316
76338
76375
76408
76411
76423
76442
76444
76458
76460
76466
76468
76474
76485
76488
76492
76503
76507
76580
76592
76594
76604
76606
76607
76609
76611
76613
76622
76632
76683
76693
76700
76708
76714
76734
76741
76787
76792
76793
76797
76808
76814
76819
76822
76829
76832
76840
76841
76845
76881
76912
76923
76943
76944
76948
76959
76995
76996
77001
77010
77015
77027
77032
77046
77049
77091
77096
77114
77117
77124
77140
77141
77151
77157
77166
77174
77176
77215
77216
77224
77243
77252
77262
77266
77283
77297
77298
77306
77325
77337
77343
77354
77355
77361
77363
77366
77378
77393
77398
77401
77407
77412
77418
77422
77441
77447
77467
77468
77470
77475
77494
77505
77512
77514
77518
77538
77558
77567
77579
77580
77588
77591
77595
77602
77606
77614
77625
77639
77659
77677
77680
77688
77693
77696
77718
77748
77753
77784
77810
77823
77839
77853
77865
77876
77886
77906
77916
77941
77942
77944
77956
77958
77962
77966
77985
77991
77993
77999
78003
78028
78032
78038
78044
78056
78063
78065
78083
78085
78093
78098
78116
78118
78141
78148
78168
78173
78175
78186
78192
78201
78209
78237
78249
78251
78253
78261
78267
78271
78279
78299
78303
78315
78330
78337
78339
78348
78364
78366
78368
78369
78377
78402
78405
78412
78421
78425
78429
78435
78452
78489
78537
78539
78543
78545
78556
78569
78582
78584
78600
78615
78633
78647
78650
78684
78686
78698
78726
78735
78744
78756
78758
78771
78779
78790
78805
78807
78846
78886
78917
78932
78938
78940
78969
78992
79015
79017
79046
79047
79052
79066
79093
79102
79107
79108
79124
79137
79150
79160
79161
79166
79167
79182
79189
79192
79202
79204
79218
79220
79227
79229
79241
79299
79302
79311
79315
79317
79335
79336
79345
79354
79359
79399
79401
79403
79410
79417
79430
79440
79442
79450
79459
79496
79504
79533
79555
79561
79562
79564
79566
79570
79577
79590
79595
79605
79611
79617
79629
79643
79647
79648
79676
79677
79684
79691
79704
79708
79719
79726
79736
79739
79741
79744
79750
79752
79762
79767
79798
79799
79830
79846
79857
79860
79868
79869
79870
79871
79880
79905
79909
79910
79926
79928
79944
79978
79994
80017
80022
80038
80047
80062
80071
80076
80077
80082
80112
80124
80127
80134
80135
80144
80149
80151
80157
80171
80185
80190
80223
80229
80242
80248
80249
80255
80275
80309
80314
80339
80342
80345
80354
80365
80402
80419
80422
80432
80435
80438
80456
80458
80470
80498
80516
80530
80539
80549
80553
80558
80564
80568
80587
80601
80611
80634
80656
80661
80666
80680
80693
80748
80752
80759
80761
80785
80788
80804
80820
80841
80842
80854
80859
80883
80902
80909
80915
80920
80927
80955
80962
80993
80995
80998
81012
81019
81052
81064
81076
81078
81084
81087
81094
81101
81114
81124
81135
81144
81151
81160
81226
81238
81248
81250
81251
81258
81263
81266
81273
81283
81300
81302
81308
81324
81373
81378
81380
81391
81396
81404
81412
81418
81429
81445
81463
81468
81488
81524
81552
81555
81564
81571
81572
81574
81592
81614
81617
81630
81636
81651
81656
81660
81681
81684
81690
81701
81727
81729
81744
81747
81749
81751
81761
81778
81795
81835
81842
81847
81856
81864
81882
81883
81885
81891
81901
81908
81911
81913
81952
81955
81963
81988
82003
82025
82035
82038
82052
82073
82129
82138
82141
82145
82153
82189
82200
82205
82206
82210
82211
82216
82233
82244
82245
82248
82251
82257
82266
82285
82291
82296
82308
82334
82335
82337
82340
82341
82358
82421
82433
82451
82482
82490
82493
82499
82514
82526
82561
82562
82566
82570
82582
82611
82625
82658
82668
82670
82680
82688
82709
82717
82720
82721
82735
82737
82741
82743
82756
82779
82781
82786
82795
82803
82817
82819
82824
82831
82840
82862
82871
82873
82885
82897
82908
82910
82931
82932
82947
82952
82956
82985
83010
83016
83023
83025
83036
83068
83070
83076
83086
83087
83091
83106
83114
83118
83119
83136
83143
83146
83153
83164
83181
83182
83189
83192
83212
83220
83222
83226
83230
83241
83276
83290
83318
83355
83363
83365
83370
83388
83403
83409
83414
83417
83438
83441
83443
83445
83451
83456
83461
83462
83463
83476
83478
83480
83484
83486
83490
83492
83515
83517
83541
83550
83551
83555
83582
83594
83609
83640
83646
83667
83669
83686
83696
83718
83719
83721
83764
83796
83797
83799
83800
83808
83817
83827
83832
83833
83836
83867
83868
83893
83895
83926
83934
83944
83946
83955
83970
83983
84007
84014
84017
84018
84024
84029
84030
84036
84051
84052
84067
84075
84077
84082
84097
84098
84115
84129
84149
84154
84156
84178
84203
84207
84213
84230
84232
84241
84254
84257
84263
84280
84283
84297
84310
84321
84333
84340
84347
84348
84354
84413
84420
84426
84449
84461
84494
84506
84514
84523
84555
84565
84600
84601
84631
84634
84659
84675
84679
84700
84701
84705
84717
84722
84740
84742
84757
84782
84796
84833
84844
84846
84848
84868
84883
84887
84911
84915
84929
84932
84948
84949
84955
84958
84964
84973
84995
84997
85008
85010
85019
85026
85027
85032
85036
85043
85055
85061
85062
85092
85093
85105
85109
85116
85128
85136
85149
85158
85181
85197
85200
85205
85216
85257
85263
85275
85276
85337
85343
85347
85355
85358
85375
85398
85399
85410
85422
85437
85460
85474
85486
85491
85507
85512
85513
85521
85523
85526
85527
85555
85566
85571
85595
85610
85619
85623
85629
85644
85651
85654
85677
85693
85703
85719
85721
85754
85791
85797
85800
85819
85820
85842
85892
85894
85896
85899
85902
85903
85905
85946
85959
85976
85981
86003
86043
86059
86066
86075
86078
86080
86105
86108
86148
86168
86178
86180
86195
86214
86229
86239
86240
86243
86245
86248
86261
86262
86286
86290
86293
86298
86307
86312
86316
86329
86365
86366
86426
86446
86458
86459
86462
86466
86491
86492
86496
86516
86528
86562
86568
86582
86584
86603
86609
86640
86655
86668
86676
86685
86689
86691
86702
86707
86717
86727
86751
86753
86767
86772
86774
86799
86802
86808
86814
86816
86832
86836
86851
86875
86879
86888
86891
86898
86899
86901
86906
86911
86919
86926
86927
86941
86955
86960
86966
86971
86982
86994
87004
87019
87023
87025
87028
87038
87045
87087
87094
87095
87099
87110
87115
87158
87161
87178
87188
87199
87208
87236
87242
87261
87279
87317
87321
87323
87334
87337
87339
87345
87383
87388
87396
87399
87419
87428
87430
87437
87443
87445
87450
87477
87478
87537
87547
87576
87583
87586
87592
87609
87611
87620
87621
87631
87633
87638
87657
87661
87683
87702
87704
87712
87744
87756
87764
87798
87808
87816
87849
87859
87864
87869
87875
87889
87892
87902
87931
87939
87946
87953
87969
87980
87984
87985
87996
87997
87998
88053
88057
88067
88075
88078
88082
88097
88102
88109
88114
88129
88179
88188
88205
88216
88238
88244
88256
88266
88311
88312
88316
88327
88334
88345
88347
88354
88360
88361
88378
88384
88387
88389
88401
88402
88413
88423
88431
88448
88460
88510
88554
88557
88564
88566
88568
88578
88583
88586
88588
88592
88600
88606
88609
88610
88619
88623
88625
88632
88633
88634
88638
88642
88647
88650
88669
88684
88705
88757
88780
88782
88783
88795
88805
88806
88811
88813
88814
88819
88821
88841
88851
88859
88867
88875
88880
88912
88914
88952
88958
88971
88994
88999
89034
89035
89037
89045
89052
89070
89079
89080
89081
89105
89116
89118
89134
89137
89143
89148
89160
89164
89179
89216
89230
89231
89240
89255
89271
89275
89280
89282
89286
89301
89303
89333
89348
89385
89387
89397
89407
89430
89431
89440
89499
89507
89522
89536
89538
89541
89559
89584
89585
89587
89637
89669
89682
89703
89733
89734
89741
89750
89753
89763
89786
89808
89820
89821
89823
89826
89837
89865
89874
89893
89895
89904
89911
89925
89932
89939
89943
89944
89949
89955
90028
90053
90054
90059
90063
90080
90082
90096
90100
90104
90116
90127
90145
90155
90172
90173
90175
90178
90188
90192
90193
90204
90211
90212
90232
90239
90252
90257
90264
90269
90279
90302
90334
90335
90344
90348
90351
90353
90387
90398
90419
90432
90443
90459
90469
90475
90477
90517
90522
90523
90528
90531
90539
90550
90589
90611
90617
90622
90634
90653
90657
90689
90695
90721
90732
90744
90752
90756
90765
90771
90798
90811
90817
90834
90847
90872
90896
90899
90907
90912
90957
90958
91015
91033
91036
91044
91049
91063
91075
91077
91079
91080
91081
91083
91084
91108
91112
91114
91115
91159
91167
91178
91179
91193
91199
91220
91252
91254
91255
91266
91272
91275
91285
91293
91295
91302
91314
91342
91352
91378
91380
91381
91387
91391
91417
91433
91443
91469
91491
91501
91521
91523
91531
91534
91536
91541
91554
91571
91577
91602
91611
91619
91626
91634
91637
91663
91681
91682
91691
91706
91712
91714
91716
91720
91724
91747
91748
91758
91759
91767
91779
91787
91794
91813
91841
91848
91865
91900
91924
91927
91930
91932
91945
91946
91953
91969
91988
91995
92023
92025
92044
92049
92052
92086
92099
92108
92122
92123
92127
92129
92160
92162
92167
92186
92270
92280
92286
92330
92331
92351
92355
92370
92371
92373
92383
92386
92391
92392
92448
92463
92466
92467
92494
92529
92544
92559
92570
92577
92578
92581
92593
92598
92625
92634
92640
92641
92644
92647
92649
92654
92658
92677
92683
92690
92693
92695
92706
92711
92721
92726
92732
92735
92747
92749
92778
92779
92816
92817
92820
92842
92844
92856
92857
92860
92866
92870
92880
92886
92890
92894
92901
92911
92925
92927
92959
92965
92967
92969
92970
92973
92986
92992
93001
93003
93006
93037
93043
93044
93045
93067
93081
93084
93097
93111
93116
93135
93139
93165
93177
93182
93190
93192
93193
93229
93231
93247
93255
93272
93281
93301
93305
93309
93312
93320
93325
93327
93331
93355
93376
93378
93391
93407
93423
93429
93431
93437
93459
93470
93476
93481
93500
93505
93512
93539
93550
93560
93577
93586
93595
93602
93610
93613
93632
93634
93648
93659
93660
93677
93679
93695
93712
93722
93730
93741
93751
93758
93762
93767
93774
93784
93794
93800
93815
93832
93859
93861
93866
93881
93884
93887
93898
93933
93963
93992
94025
94028
94040
94059
94060
94063
94070
94093
94099
94100
94104
94107
94110
94124
94127
94147
94166
94173
94176
94180
94218
94229
94231
94235
94276
94277
94280
94316
94330
94334
94363
94371
94374
94376
94411
94432
94437
94457
94460
94463
94467
94483
94492
94506
94516
94518
94532
94533
94535
94537
94539
94542
94580
94581
94582
94589
94590
94596
94617
94622
94644
94650
94654
94657
94659
94665
94679
94683
94687
94690
94699
94702
94707
94740
94751
94767
94786
94792
94802
94810
94829
94848
94852
94858
94868
94873
94878
94887
94893
94894
94905
94932
94937
94955
94959
94990
94995
94998
95007
95014
95040
95045
95049
95066
95070
95078
95089
95101
95102
95104
95109
95113
95133
95157
95198
95201
95219
95223
95229
95250
95264
95278
95293
95303
95305
95308
95309
95322
95327
95329
95336
95338
95343
95366
95372
95374
95380
95382
95390
95401
95412
95413
95431
95433
95440
95455
95462
95478
95488
95497
95520
95538
95572
95575
95591
95597
95629
95634
95663
95673
95694
95699
95708
95729
95731
95733
95749
95758
95785
95814
95856
95881
95888
95900
95907
95908
95935
95981
95982
95984
95989
96005
96009
96017
96022
96060
96069
96079
96088
96090
96091
96098
96136
96143
96144
96182
96183
96190
96191
96195
96196
96215
96217
96223
96224
96251
96298
96310
96323
96336
96343
96349
96350
96352
96363
96369
96373
96378
96392
96406
96407
96423
96444
96446
96458
96465
96468
96479
96489
96518
96521
96523
96560
96564
96597
96598
96612
96614
96623
96629
96632
96635
96668
96669
96698
96711
96726
96732
96742
96751
96775
96791
96797
96813
96827
96864
96885
96893
96905
96908
96910
96929
96935
96939
96953
96960
96979
96992
97006
97007
97018
97021
97023
97025
97035
97036
97037
97041
97045
97047
97051
97059
97063
97071
97107
97112
97122
97125
97146
97192
97196
97202
97226
97232
97242
97244
97261
97262
97280
97290
97294
97340
97346
97359
97382
97412
97423
97437
97445
97447
97460
97473
97491
97498
97515
97572
97591
97607
97621
97625
97633
97642
97648
97650
97652
97658
97677
97681
97706
97710
97712
97713
97719
97723
97744
97745
97762
97807
97808
97811
97823
97826
97835
97836
97838
97846
97847
97857
97871
97873
97885
97887
97891
97916
97935
97944
97949
97962
97969
97970
97989
98006
98009
98017
98033
98055
98066
98089
98093
98122
98128
98171
98197
98212
98246
98248
98274
98280
98285
98298
98326
98336
98338
98348
98366
98408
98423
98428
98452
98458
98468
98472
98483
98502
98509
98514
98526
98537
98545
98551
98578
98588
98595
98598
98628
98629
98636
98643
98660
98674
98692
98699
98720
98726
98731
98737
98739
98743
98755
98773
98775
98778
98790
98822
98824
98838
98867
98870
98876
98882
98896
98915
98939
98946
98970
98985
98993
98995
99000
99032
99042
99047
99052
99067
99072
99078
99095
99119
99121
99157
99179
99184
99195
99212
99232
99237
99240
99243
99273
99293
99297
99298
99315
99339
99341
99347
99384
99403
99408
99413
99417
99424
99448
99452
99470
99477
99481
99490
99513
99515
99526
99528
99533
99534
99546
99558
99561
99573
99576
99578
99587
99590
99601
99611
99614
99627
99632
99634
99639
99657
99660
99667
99686
99694
99698
99735
99752
99755
99769
99780
99781
99782
99786
99790
99806
99822
99825
99827
99833
99852
99858
99860
99890
99905
99906
99912
99916
99935
99946
99959
99960
99964
99987
99988
100002
100005
100051
100055
100077
100092
100114
100116
100118
100132
100157
100177
100179
100180
100219
100228
100254
100259
100280
100284
100291
100304
100306
100337
100338
100348
100353
100354
100363
100367
100374
100432
100433
100452
100479
100501
100502
100545
100550
100569
100598
100610
100612
100630
100663
100693
100696
100700
100706
100724
100747
100750
100759
100775
100857
100863
100875
100886
100907
100918
100934
100948
100967
100969
100997
101016
101035
101036
101049
101057
101061
101064
101067
101069
101077
101094
101095
101096
101106
101114
101127
101129
101131
101148
101178
101183
101191
101198
101234
101241
101245
101259
101260
101271
101292
101299
101306
101309
101329
101332
101339
101347
101352
101357
101365
101409
101416
101437
101439
101465
101466
101498
101504
101509
101512
101524
101554
101558
101564
101575
101585
101592
101599
101637
101647
101655
101659
101695
101709
101728
101740
101741
101759
101764
101790
101801
101837
101864
101870
101871
101880
101884
101893
101923
101948
101950
101957
101963
101969
101987
101991
101993
102033
102036
102041
102057
102075
102126
102139
102144
102146
102150
102180
102196
102261
102262
102264
102266
102288
102296
102299
102311
102314
102326
102327
102359
102371
102386
102393
102395
102401
102411
102429
102447
102448
102454
102491
102496
102506
102515
102528
102542
102547
102549
102551
102578
102580
102602
102603
102616
102625
102639
102645
102646
102654
102662
102669
102670
102673
102689
102690
102708
102718
102750
102753
102766
102771
102779
102792
102794
102796
102797
102818
102820
102823
102859
102870
102872
102877
102889
102914
102920
102925
102956
102958
102973
102984
102988
103013
103019
103037
103038
103077
103078
103089
103094
103097
103117
103122
103165
103166
103180
103181
103185
103186
103194
103213
103222
103224
103227
103232
103308
103314
103317
103335
103358
103364
103373
103390
103401
103405
103431
103453
103472
103474
103493
103500
103501
103516
103548
103554
103560
103579
103596
103603
103604
103612
103624
103629
103663
103664
103679
103682
103695
103698
103700
103709
103716
103725
103754
103762
103774
103778
103804
103813
103833
103838
103840
103842
103862
103878
103903
103909
103921
103926
103927
103930
103950
103954
103964
103969
103977
103978
103986
103990
104010
104015
104017
104018
104025
104044
104046
104049
104058
104068
104082
104085
104104
104110
104119
104132
104146
104155
104157
104159
104166
104167
104178
104181
104189
104212
104213
104219
104220
104227
104240
104260
104264
104271
104280
104281
104292
104305
104313
104329
104380
104389
104402
104416
104428
104429
104474
104492
104505
104511
104515
104534
104555
104586
104657
104663
104668
104694
104704
104713
104716
104718
104732
104741
104746
104749
104789
104800
104822
104850
104871
104874
104880
104888
104893
104917
104918
104919
104973
104987
104989
105009
105041
105046
105074
105075
105077
105106
105130
105148
105154
105160
105162
105172
105184
105191
105226
105246
105257
105283
105292
105307
105312
105327
105338
105362
105367
105396
105404
105413
105430
105444
105457
105490
105510
105516
105519
105532
105545
105556
105588
105611
105615
105632
105633
105683
105689
105691
105734
105737
105739
105749
105752
105756
105775
105788
105790
105818
105824
105835
105837
105853
105865
105882
105886
105896
105906
105911
105924
105928
105937
105947
105956
105960
105979
105993
105998
106006
106019
106025
106042
106063
106079
106124
106129
106149
106156
106165
106166
106169
106182
106204
106214
106217
106224
106229
106250
106263
106268
106319
106334
106338
106351
106402
106406
106407
106429
106445
106459
106467
106471
106472
106475
106484
106500
106510
106546
106553
106579
106581
106597
106603
106628
106641
106645
106664
106701
106703
106710
106714
106722
106723
106730
106740
106762
106770
106817
106820
106822
106823
106828
106854
106883
106889
106915
106981
106995
107016
107039
107041
107056
107067
107087
107091
107095
107102
107103
107109
107114
107124
107128
107140
107142
107151
107152
107153
107154
107160
107170
107180
107183
107189
107192
107240
107243
107245
107254
107262
107263
107265
107273
107275
107294
107317
107319
107329
107332
107347
107357
107387
107425
107429
107443
107456
107458
107460
107479
107489
107492
107498
107512
107513
107522
107524
107533
107546
107554
107581
107601
107606
107658
107660
107672
107674
107678
107685
107714
107722
107777
107810
107811
107819
107831
107832
107887
107893
107894
107898
107915
107933
107956
107961
107969
107993
107996
108004
108012
108017
108041
108052
108053
108068
108081
108092
108119
108122
108136
108138
108139
108153
108179
108180
108181
108187
108188
108206
108219
108237
108240
108271
108273
108285
108316
108324
108339
108340
108353
108359
108373
108385
108407
108414
108415
108446
108493
108502
108507
108520
108521
108523
108527
108528
108537
108555
108576
108585
108586
108608
108650
108664
108665
108667
108674
108693
108703
108706
108711
108720
108728
108742
108749
108753
108769
108785
108802
108809
108815
108845
108856
108857
108859
108868
108897
108900
108918
108985
108998
109020
109069
109079
109090
109107
109125
109135
109155
109161
109162
109170
109185
109191
109217
109272
109285
109289
109292
109296
109328
109386
109388
109397
109410
109416
109449
109457
109466
109483
109520
109523
109544
109551
109552
109576
109609
109612
109624
109638
109643
109654
109676
109709
109729
109737
109764
109772
109789
109791
109802
109805
109807
109815
109844
109846
109859
109868
109870
109891
109907
109910
109929
109948
109950
109953
109962
109969
109974
109982
110003
110004
110017
110022
110043
110053
110060
110064
110072
110079
110150
110175
110195
110204
110205
110209
110227
110233
110243
110248
110257
110267
110275
110276
110283
110284
110297
110342
110345
110359
110362
110379
110384
110389
110390
110419
110442
110446
110449
110467
110468
110477
110479
110483
110513
110529
110543
110551
110561
110566
110568
110570
110592
110601
110625
110640
110642
110663
110678
110681
110688
110689
110699
110717
110780
110801
110813
110818
110823
110837
110850
110853
110871
110882
110897
110916
110923
110925
110930
110932
110956
110957
110978
111018
111026
111027
111032
111042
111045
111054
111062
111115
111130
111133
111153
111155
111156
111164
111171
111184
111194
111219
111222
111224
111229
111230
111237
111246
111255
111263
111273
111274
111285
111286
111288
111291
111321
111356
111370
111379
111381
111395
111399
111401
111418
111419
111422
111444
111458
111473
111487
111495
111499
111502
111506
111510
111518
111537
111543
111546
111556
111575
111587
111588
111598
111605
111617
111618
111626
111631
111656
111663
111682
111687
111690
111710
111722
111725
111755
111793
111803
111813
111814
111831
111834
111853
111860
111869
111876
111880
111883
111890
111897
111898
111909
111918
111923
111930
111967
111969
111993
111996
112002
112005
112007
112009
112012
112026
112046
112063
112094
112105
112138
112140
112146
112162
112171
112174
112182
112188
112189
112194
112226
112265
112275
112287
112288
112292
112294
112315
112344
112350
112364
112373
112388
112396
112421
112425
112437
112441
112467
112470
112472
112482
112487
112500
112505
112519
112522
112549
112559
112565
112569
112582
112586
112593
112595
112621
112643
112644
112705
112717
112748
112752
112754
112767
112769
112771
112772
112790
112795
112801
112804
112813
112833
112840
112853
112875
112894
112895
112924
112935
112955
112986
112993
112997
113003
113018
113026
113048
113052
113058
113062
113073
113107
113115
113132
113150
113154
113172
113174
113175
113177
113198
113202
113216
113227
113246
113261
113286
113294
113316
113338
113344
113346
113358
113368
113369
113370
113386
113401
113428
113461
113462
113471
113473
113493
113499
113506
113522
113523
113530
113533
113541
113543
113564
113574
113579
113582
113613
113616
113633
113640
113641
113697
113698
113741
113745
113749
113754
113757
113776
113785
113807
113816
113819
113822
113838
113844
113859
113883
113904
113925
113930
113946
113953
113976
113979
114004
114019
114034
114038
114045
114046
114069
114089
114119
114149
114180
114186
114193
114202
114213
114238
114240
114284
114295
114297
114308
114354
114356
114358
114386
114395
114403
114417
114435
114437
114438
114443
114452
114466
114473
114477
114530
114543
114544
114549
114562
114572
114585
114586
114622
114626
114644
114664
114665
114692
114710
114740
114757
114794
114795
114799
114868
114872
114878
114939
114951
114956
114977
114981
115011
115028
115031
115037
115052
115067
115090
115093
115095
115097
115102
115103
115122
115149
115175
115186
115190
115205
115228
115248
115250
115257
115274
115277
115290
115314
115323
115324
115325
115336
115337
115347
115356
115382
115403
115421
115425
115429
115433
115480
115490
115504
115537
115549
115559
115560
115574
115581
115584
115605
115620
115627
115628
115629
115631
115634
115644
115646
115647
115650
115662
115682
115693
115711
115725
115726
115733
115742
115752
115782
115784
115791
115806
115820
115827
115831
115836
115837
115838
115842
115877
115878
115881
115901
115903
115906
115931
115935
115953
115980
115982
116013
116014
116050
116054
116069
116072
116085
116114
116121
116188
116256
116270
116274
116279
116282
116290
116303
116308
116310
116318
116321
116331
116358
116363
116374
116377
116381
116394
116418
116472
116485
116489
116496
116498
116499
116516
116521
116533
116541
116571
116576
116579
116598
116604
116614
116616
116622
116625
116634
116637
116643
116645
116656
116660
116661
116663
116679
116686
116688
116689
116704
116726
116750
116760
116788
116792
116800
116816
116820
116821
116825
116844
116850
116852
116868
116889
116903
116914
116927
116934
116939
116950
116957
116973
116993
117005
117013
117024
117030
117036
117037
117042
117045
117048
117053
117067
117068
117076
117095
117096
117109
117112
117130
117131
117141
117148
117161
117162
117174
117178
117191
117200
117213
117214
117215
117224
117225
117245
117254
117296
117321
117332
117353
117358
117382
117402
117419
117426
117428
117454
117465
117479
117496
117501
117521
117533
117568
117589
117605
117609
117610
117637
117647
117656
117668
117676
117688
117700
117711
117722
117731
117745
117750
117793
117796
117807
117829
117848
117859
117869
117882
117890
117909
117921
117925
117929
117930
117931
117945
117954
117960
117962
117993
118030
118052
118066
118068
118091
118116
118155
118156
118174
118180
118202
118205
118222
118223
118224
118236
118280
118338
118356
118360
118363
118384
118407
118409
118415
118419
118424
118428
118432
118434
118466
118479
118498
118527
118600
118602
118611
118628
118629
118647
118650
118655
118672
118687
118729
118767
118770
118779
118782
118801
118813
118856
118862
118863
118868
118876
118877
118880
118889
118894
118901
118907
118908
118935
118937
118943
118950
118965
119040
119044
119050
119061
119078
119080
119081
119092
119108
119115
119147
119156
119173
119194
119212
119238
119305
119321
119322
119347
119353
119355
119365
119388
119409
119411
119416
119419
119421
119440
119449
119468
119479
119486
119509
119549
119559
119563
119569
119582
119590
119593
119605
119609
119625
119664
119670
119673
119688
119699
119700
119702
119705
119706
119732
119734
119745
119758
119759
119775
119812
119814
119823
119850
119861
119866
119867
119875
119879
119896
119900
119908
119923
119940
119957
119988
119995
120012
120040
120056
120058
120062
120065
120135
120136
120140
120143
120153
120186
120201
120209
120213
120225
120240
120254
120263
120277
120290
120311
120327
120330
120335
120370
120421
120432
120433
120436
120439
120461
120491
120493
120518
120530
120534
120544
120545
120551
120559
120560
120575
120584
120599
120604
120625
120626
120638
120646
120657
120658
120664
120666
120678
120679
120685
120691
120731
120737
120738
120779
120796
120820
120830
120849
120863
120864
120874
120900
120914
120962
120963
120964
120969
120970
120994
121022
121025
121026
121032
121070
121096
121103
121110
121115
121124
121126
121135
121137
121188
121207
121223
121231
121244
121247
121261
121262
121302
121316
121320
121323
121341
121353
121367
121385
121394
121405
121420
121425
121437
121455
121456
121460
121471
121493
121494
121495
121507
121516
121531
121547
121574
121580
121595
121601
121609
121613
121619
121621
121634
121665
121676
121691
121692
121705
121706
121731
121741
121744
121747
121765
121778
121801
121828
121830
121835
121846
121861
121866
121869
121885
121891
121892
121906
121918
121936
121948
121991
121994
121999
122003
122021
122026
122064
122071
122090
122117
122122
122132
122135
122144
122149
122189
122190
122193
122235
122279
122305
122317
122319
122329
122340
122366
122419
122428
122438
122444
122513
122523
122549
122563
122569
122593
122597
122602
122612
122617
122639
122640
122641
122646
122653
122670
122671
122679
122681
122693
122701
122714
122715
122744
122755
122781
122805
122808
122817
122834
122835
122850
122871
122906
122907
122930
122932
122944
122961
122965
122967
122968
122976
122978
122984
122986
122987
122991
122996
123014
123015
123026
123039
123066
123072
123073
123095
123099
123100
123120
123129
123136
123173
123192
123198
123202
123235
123240
123248
123266
123270
123274
123290
123291
123294
123298
123312
123318
123322
123332
123342
123351
123366
123397
123404
123429
123435
123436
123438
123439
123462
123467
123484
123527
123548
123569
123572
123580
123581
123582
123596
123608
123615
123618
123632
123647
123657
123704
123710
123718
123727
123752
123758
123770
123777
123790
123797
123820
123836
123873
123876
123888
123909
123914
123934
123937
123944
123946
123953
123972
123981
124026
124036
124054
124057
124085
124118
124152
124157
124160
124172
124177
124192
124194
124203
124210
124235
124265
124268
124291
124295
124296
124307
124319
124356
124378
124394
124406
124411
124414
124423
124438
124444
124450
124458
124473
124480
124486
124509
124526
124544
124552
124556
124565
124570
124573
124577
124607
124612
124615
124618
124620
124627
124643
124660
124666
124682
124683
124697
124699
124711
124718
124737
124739
124759
124762
124775
124783
124800
124828
124829
124835
124837
124847
124864
124874
124876
124883
124926
124929
124951
124956
124971
124987
125038
125048
125051
125052
125060
125063
125069
125074
125076
125113
125136
125143
125147
125149
125156
125171
125231
125240
125282
125389
125397
125399
125410
125412
125416
125434
125445
125456
125459
125473
125474
125477
125487
125512
125515
125520
125534
125558
125559
125597
125607
125630
125655
125668
125679
125735
125763
125766
125795
125804
125808
125820
125833
125839
125865
125873
125879
125896
125905
125913
125925
125929
125946
125957
125967
125971
126028
126040
126047
126055
126056
126057
126082
126088
126090
126135
126143
126159
126204
126246
126247
126248
126259
126267
126275
126290
126298
126304
126332
126364
126380
126407
126410
126411
126414
126416
126435
126436
126439
126452
126455
126471
126492
126495
126504
126518
126534
126538
126543
126545
126556
126561
126592
126598
126603
126606
126610
126635
126646
126659
126668
126674
126676
126678
126687
126692
126721
126725
126726
126733
126734
126737
126781
126783
126787
126799
126806
126818
126831
126841
126850
126863
126868
126888
126898
126939
126956
126960
126982
126986
126989
127000
127005
127012
127013
127050
127051
127062
127067
127073
127084
127090
127094
127096
127100
127101
127117
127118
127129
127137
127149
127160
127206
127214
127219
127224
127226
127231
127241
127246
127248
127250
127260
127283
127302
127310
127319
127342
127343
127368
127379
127381
127391
127419
127427
127441
127465
127476
127517
127542
127554
127555
127564
127566
127586
127607
127608
127610
127618
127623
127630
127635
127636
127643
127681
127702
127707
127747
127766
127767
127797
127800
127804
127806
127816
127834
127839
127845
127894
127903
127906
127907
127909
127924
127926
127947
127952
127965
127975
127976
127987
127990
127991
127996
128001
128005
128025
128055
128066
128089
128121
128130
128131
128135
128136
128164
128167
128187
128190
128201
128208
128220
128233
128242
128243
128244
128282
128284
128287
128292
128294
128307
128316
128318
128344
128362
128363
128377
128397
128408
128414
128419
128424
128425
128449
128466
128469
128479
128488
128503
128510
128511
128512
128520
128532
128533
128545
128554
128557
128564
128567
128586
128602
128608
128623
128636
128662
128683
128688
128694
128696
128716
128721
128724
128725
128730
128732
128736
128743
128767
128784
128785
128786
128806
128815
128836
128869
128882
128912
128914
128921
128929
128985
128992
128997
129012
129021
129026
129027
129032
129037
129040
129041
129044
129083
129087
129129
129136
129137
129139
129141
129151
129155
129195
129198
129214
129216
129221
129229
129230
129234
129241
129252
129271
129274
129338
129347
129354
129356
129358
129374
129375
129378
129392
129403
129409
129413
129415
129434
129446
129450
129478
129483
129484
129515
129520
129529
129559
129565
129566
129571
129595
129602
129617
129620
129637
129652
129660
129670
129682
129683
129700
129702
129706
129708
129714
129742
129762
129768
129771
129776
129782
129807
129837
129843
129867
129875
129877
129885
129890
129893
129915
129936
129952
129956
129973
129980
129996
130004
130023
130033
130042
130083
130084
130108
130114
130116
130118
130136
130151
130186
130210
130218
130229
130240
130241
130246
130249
130277
130281
130293
130306
130325
130326
130339
130351
130352
130367
130368
130369
130376
130379
130408
130413
130418
130419
130442
130471
130473
130476
130479
130484
130488
130491
130495
130505
130524
130532
130534
130535
130538
130540
130542
130551
130607
130620
130645
130648
130649
130651
130669
130718
130719
130725
130728
130745
130746
130761
130765
130802
130829
130835
130867
130874
130888
130890
130898
130922
130929
130931
130971
130978
130986
131004
131015
131021
131039
131064
131092
131099
131108
131117
131120
131121
131131
131133
131145
131168
131171
131190
131241
131261
131268
131284
131289
131296
131301
131303
131316
131318
131323
131324
131337
131349
131400
131406
131410
131418
131437
131443
131462
131497
131514
131518
131527
131541
131546
131549
131569
131573
131576
131578
131617
131631
131658
131660
131692
131698
131705
131725
131726
131727
131765
131776
131807
131810
131832
131841
131860
131878
131879
131881
131946
131959
131964
131980
131988
132006
132007
132008
132011
132018
132029
132048
132053
132061
132073
132083
132094
132114
132115
132119
132121
132167
132183
132187
132196
132198
132201
132225
132227
132252
132253
132278
132279
132288
132294
132312
132319
132320
132321
132328
132336
132367
132369
132374
132376
132383
132407
132419
132451
132453
132465
132474
132480
132489
132531
132533
132549
132556
132578
132580
132585
132596
132608
132663
132706
132713
132717
132719
132751
132756
132771
132773
132786
132796
132812
132821
132840
132872
132904
132907
132929
132940
132956
132958
133026
133028
133045
133069
133072
133106
133107
133117
133120
133129
133149
133150
133190
133206
133216
133219
133230
133237
133247
133254
133258
133274
133280
133291
133302
133318
133323
133347
133360
133362
133367
133380
133390
133392
133395
133399
133409
133435
133436
133443
133466
133485
133504
133510
133529
133543
133560
133563
133598
133608
133613
133625
133642
133649
133674
133676
133680
133715
133720
133725
133727
133731
133758
133759
133772
133778
133780
133790
133808
133811
133830
133832
133848
133861
133887
133897
133911
133927
133938
133968
133977
133998
134005
134007
134011
134028
134032
134033
134037
134068
134100
134105
134141
134184
134193
134212
134219
134223
134224
134225
134269
134288
134300
134304
134380
134427
134439
134454
134478
134521
134532
134540
134565
134568
134586
134601
134618
134635
134655
134657
134668
134689
134690
134692
134696
134699
134709
134744
134772
134777
134783
134784
134785
134790
134814
134819
134827
134833
134860
134865
134924
134967
134976
134980
135011
135042
135053
135073
135076
135077
135088
135115
135116
135154
135171
135182
135213
135214
135239
135250
135254
135260
135278
135290
135298
135324
135338
135361
135371
135377
135453
135461
135484
135492
135515
135519
135529
135547
135554
135574
135575
135576
135600
135668
135675
135676
135693
135723
135741
135745
135754
135760
135787
135817
135834
135858
135890
135895
135897
135899
135907
135927
135931
135937
135941
135947
135965
135971
136071
136099
136100
136116
136130
136133
136139
136151
136155
136170
136181
136196
136199
136209
136213
136223
136230
136260
136283
136291
136299
136304
136346
136369
136376
136377
136385
136400
136435
136439
136462
136473
136475
136485
136502
136507
136509
136517
136519
136540
136551
136586
136605
136633
136638
136654
136698
136701
136710
136725
136758
136765
136770
136771
136782
136815
136828
136831
136853
136858
136866
136869
136896
136899
136920
136925
136927
136930
136982
136992
137014
137037
137073
137111
137113
137120
137134
137143
137183
137219
137222
137228
137245
137283
137339
137344
137379
137391
137410
137435
137436
137458
137462
137473
137498
137502
137515
137524
137554
137558
137560
137565
137593
137600
137603
137611
137614
137616
137621
137657
137662
137668
137695
137728
137729
137733
137821
137824
137833
137839
137859
137882
137890
137914
137946
137953
137954
137977
137985
137986
137992
138001
138024
138035
138065
138069
138072
138077
138083
138095
138116
138125
138129
138138
138142
138167
138178
138180
138196
138205
138215
138220
138221
138223
138231
138250
138277
138279
138306
138321
138323
138327
138342
138344
138364
138371
138373
138375
138383
138389
138405
138408
138422
138446
138449
138454
138457
138491
138514
138521
138545
138561
138564
138565
138611
138615
138625
138644
138663
138676
138698
138709
138712
138722
138728
138733
138748
138751
138764
138770
138773
138777
138784
138800
138803
138804
138810
138818
138840
138848
138875
138894
138896
138898
138903
138911
138956
138997
139017
139023
139040
139044
139079
139094
139105
139111
139115
139118
139130
139140
139141
139143
139174
139178
139185
139196
139213
139220
139223
139238
139272
139275
139278
139285
139289
139336
139340
139347
139356
139407
139418
139496
139511
139536
139545
139565
139598
139603
139619
139632
139635
139643
139652
139671
139707
139745
139756
139785
139787
139788
139802
139828
139830
139845
139851
139872
139874
139881
139891
139898
139919
139928
139930
139935
139943
139957
139981
139987
140008
140013
140036
140042
140047
140061
140062
140086
140099
140139
140144
140156
140171
140173
140175
140211
140221
140247
140267
140284
140311
140313
140315
140321
140331
140373
140397
140399
140407
140415
140423
140429
140438
140454
140456
140476
140521
140523
140528
140535
140549
140552
140561
140579
140588
140595
140608
140628
140636
140655
140666
140690
140709
140724
140744
140750
140755
140758
140777
140780
140781
140782
140790
140804
140856
140868
140877
140878
140887
140889
140898
140909
140914
140916
140919
140922
140957
140976
140995
141006
141007
141019
141039
141049
141052
141053
141073
141081
141088
141093
141100
141110
141117
141143
141148
141155
141157
141158
141170
141171
141179
141190
141198
141205
141219
141227
141236
141246
141250
141254
141255
141264
141288
141296
141301
141324
141366
141369
141371
141376
141379
141389
141395
141409
141416
141417
141483
141497
141520
141535
141561
141570
141572
141593
141605
141653
141654
141655
141659
141672
141677
