Fst	0.5(1-pval)quantile	median	0.5(1+pval)quantile
0.033333	-0.026983	-2.7e-05	0.000586
0.065833	-0.020474	0.015871	0.056468
0.066667	-0.006612	0.053157	0.05322
0.066667	-0.031961	0.044884	0.059964
0.098333	-0.021846	0.046583	0.121223
0.1	-0.020404	0.095716	0.111182
0.128333	-0.026061	0.068469	0.16372
0.133333	-0.007109	0.097652	0.172764
0.156667	-0.023873	0.107137	0.207408
0.166667	-0.008151	0.101007	0.236747
0.190833	-0.016931	0.147166	0.270492
0.2	-0.006431	0.126225	0.290426
0.223333	-0.015212	0.118578	0.338721
0.244167	-0.022039	0.143407	0.353344
0.266667	-0.009524	0.122016	0.397333
0.283333	-0.002417	0.158937	0.43731
0.3	-0.004933	0.161709	0.434691
0.32	-0.004263	0.144622	0.481327
0.336667	-0.013899	0.153325	0.484922
0.355	-0.012304	0.152178	0.505299
0.371667	-0.009032	0.147942	0.522027
0.390833	-0.018339	0.154611	0.538772
0.406667	-0.012588	0.16356	0.544507
0.423333	-0.01052	0.165129	0.563986
0.436667	-0.003565	0.176226	0.593619
0.45	-0.00822	0.161089	0.540589
0.464167	-0.014424	0.166306	0.598191
0.476667	-0.023615	0.17764	0.60854
0.490833	-0.038374	0.15744	0.581658
0.501667	-0.032043	0.15318	0.625202
0.511667	-0.007737	0.16209	0.615315
0.521667	0.014086	0.179338	0.581609
0.531667	0.008676	0.201397	0.663255
0.541667	0.005566	0.21084	0.669672
0.551667	-0.001723	0.221534	0.602601
0.560833	-0.006798	0.227547	0.628927
0.57	0.002729	0.231968	0.673699
0.58	0.003537	0.24874	0.67258
0.59	-0.003845	0.266858	0.64862
0.6	-0.003623	0.278344	0.731264
0.608333	0.011638	0.251039	0.739368
0.619167	0.023091	0.235712	0.682051
0.628333	0.02295	0.234673	0.755479
0.639167	0.022338	0.223936	0.761358
0.648333	0.026137	0.219965	0.697041
0.659167	0.034169	0.218942	0.745015
0.668333	0.02995	0.220248	0.718692
0.679167	0.026254	0.215501	0.620776
0.688333	0.03034	0.218815	0.603691
0.699167	0.035992	0.225407	0.589201
0.708333	0.032163	0.218624	0.572219
0.718333	0.034449	0.215464	0.550823
0.726667	0.038194	0.221543	0.550872
0.735833	0.037319	0.223398	0.537791
0.745	0.039023	0.228962	0.551
0.754167	0.042462	0.227056	0.552436
0.7625	0.043156	0.226468	0.531864
0.7725	0.044158	0.22938	0.530725
0.781667	0.053011	0.223481	0.531681
0.79	0.059058	0.219827	0.521294
0.798333	0.059965	0.218538	0.521826
0.806667	0.0552	0.215122	0.531887
0.814167	0.059313	0.214187	0.534765
0.8225	0.063139	0.212561	0.530608
0.829167	0.059156	0.21428	0.517886
0.8375	0.061442	0.213469	0.508495
0.845	0.065082	0.210934	0.501875
0.8525	0.073051	0.212846	0.517596
0.86	0.069466	0.211278	0.520805
0.868333	0.064417	0.207036	0.498678
0.874167	0.076763	0.203961	0.506594
0.881667	0.071195	0.203035	0.503097
0.888333	0.071763	0.2003	0.472702
0.895	0.065338	0.201789	0.477315
0.901667	0.064126	0.195526	0.479875
0.908333	0.067873	0.19396	0.468544
0.915	0.070728	0.193072	0.489585
0.921667	0.069239	0.184692	0.485233
0.9275	0.073525	0.180189	0.471629
0.933333	0.070513	0.180099	0.437187
0.939167	0.075253	0.169948	0.426293
0.945	0.071715	0.168861	0.442238
0.950833	0.071446	0.170296	0.437041
0.955833	0.065117	0.167453	0.410603
0.961667	0.052195	0.160854	0.382714
0.966667	0.051108	0.148627	0.367947
0.971667	0.05574	0.140915	0.368129
0.975833	0.055364	0.136475	0.361262
0.98	0.04911	0.12799	0.35497
0.984583	0.045658	0.11811	0.345766
0.988333	0.041337	0.109287	0.313151
0.991667	0.034246	0.098005	0.279068
0.994167	0.025476	0.082285	0.253902
0.996667	0.021773	0.065062	0.241268
0.999167	0.009427	0.04562	0.217506
1.0	0.005008	0.030985	0.189114
