Locus	Het	Fst	P(Simul Fst<sample Fst)
49	0.033333	0.0	0.4419
112	0.177778	0.069508	0.411556
297	0.333333	0.176812	0.564881
610	0.0	-100.0	0.5
613	0.293333	0.093567	0.367383
1112	nan	nan	-100.0
1168	0.0	-100.0	0.5
1425	0.411944	-0.043682	0.000652
1446	0.055556	0.043478	0.611858
1738	0.0	-100.0	0.5
1843	0.0	-100.0	0.5
1956	nan	nan	-100.0
2066	0.055556	0.043478	0.611858
2377	0.059722	-0.023256	0.0
2382	0.0	-100.0	0.5
2526	0.027778	0.0	0.5
2609	0.0	-100.0	0.5
2894	0.0	-100.0	0.5
3047	0.055556	0.043478	0.611858
3065	0.495833	-0.052597	0.003608
3075	0.0	-100.0	0.5
3096	0.055556	0.043478	0.611858
3153	0.545556	0.199131	0.478129
3237	0.083333	0.086957	1.0
3343	0.141667	0.017095	0.236849
3418	nan	nan	-100.0
3462	0.086111	-0.004207	0.132783
3469	nan	nan	-100.0
3577	0.059722	-0.023256	0.0
3589	0.0	-100.0	0.5
3595	nan	nan	-100.0
3674	0.027778	0.0	0.5
3787	0.0	-100.0	0.5
3789	0.027778	0.0	0.5
3823	0.086111	-0.004207	0.132783
3842	0.0	-100.0	0.5
4005	0.111111	0.130435	1.0
4233	0.1125	0.027375	0.242227
4257	0.055556	0.043478	0.611858
4294	0.0	-100.0	0.5
4315	nan	nan	-100.0
4349	0.141667	0.017095	0.236849
4354	0.0	-100.0	0.5
4373	0.0	-100.0	0.5
4432	0.055556	0.043478	0.611858
4465	0.086111	-0.004207	0.132783
4474	0.0	-100.0	0.5
4476	0.0	-100.0	0.5
4494	0.086111	-0.004207	0.132783
4505	0.0	-100.0	0.5
4510	0.066667	0.0	0.152454
4579	0.086111	-0.004207	0.132783
4671	0.141667	0.017095	0.236849
4774	nan	nan	-100.0
4783	0.059722	-0.023256	0.0
4926	0.1775	-0.036159	0.0
4935	0.033333	0.0	0.4419
5072	0.027778	0.0	0.5
5322	nan	nan	-100.0
5357	0.0	-100.0	0.5
5404	0.083333	0.086957	1.0
5458	0.083333	0.086957	1.0
5550	0.1125	0.027375	0.242227
5574	0.059722	-0.023256	0.0
5609	0.486667	0.550589	0.945216
5610	0.033333	0.0	0.4419
5612	0.306667	0.21434	0.637034
5623	0.194444	0.26087	0.897135
5624	0.066667	0.052632	0.641646
5850	0.472222	0.695652	0.990503
5956	nan	nan	-100.0
6081	0.0	-100.0	0.5
6328	nan	nan	-100.0
6673	0.0	-100.0	0.5
6680	0.0	-100.0	0.5
6861	0.497222	-0.05772	0.001144
6884	0.111111	0.130435	1.0
7008	0.0	-100.0	0.5
7060	0.1125	0.027375	0.242227
7333	0.0	-100.0	0.5
7456	0.027778	0.0	0.5
7534	0.027778	0.0	0.5
7535	0.141667	0.017095	0.236849
7561	0.186667	0.026733	0.24943
7914	0.059722	-0.023256	0.0
7981	0.0	-100.0	0.5
7991	0.0	-100.0	0.5
8107	0.0	-100.0	0.5
8234	0.033333	0.0	0.4419
8361	0.055556	0.043478	0.611858
8559	nan	nan	-100.0
8707	0.133333	0.157895	0.750256
8770	0.0	-100.0	0.5
8867	0.0	-100.0	0.5
9172	0.0	-100.0	0.5
9185	0.055556	0.043478	0.611858
9323	0.499167	0.182492	0.551203
9469	0.0	-100.0	0.5
9597	0.0	-100.0	0.5
9870	0.644444	0.772988	0.972763
9897	0.055556	0.021739	0.519186
10123	nan	nan	-100.0
10387	0.027778	0.0	0.5
10470	0.066667	0.0	0.152454
10581	0.0	-100.0	0.5
10707	nan	nan	-100.0
10841	0.059722	-0.023256	0.0
11060	0.0	-100.0	0.5
11420	0.033333	0.0	0.4419
11499	nan	nan	-100.0
11676	0.0	-100.0	0.5
11728	0.066667	0.0	0.152454
12055	0.141667	0.017095	0.236849
12102	0.027778	0.0	0.5
12161	0.0	-100.0	0.5
12373	0.083333	0.086957	1.0
12845	nan	nan	-100.0
13005	0.0	-100.0	0.5
13013	0.0	-100.0	0.5
13034	0.0	-100.0	0.5
13047	0.033333	0.0	0.4419
13198	0.066667	0.052632	0.641646
13410	0.027778	0.0	0.5
13413	0.055556	0.043478	0.611858
13473	0.033333	0.0	0.4419
13583	0.301944	0.208832	0.626756
13653	0.126667	-0.024931	0.0
13663	nan	nan	-100.0
13733	0.0	-100.0	0.5
13741	0.083333	0.086957	1.0
14140	0.0	-100.0	0.5
14194	0.0	-100.0	0.5
14246	0.0	-100.0	0.5
14336	0.222222	0.304348	0.992308
14363	0.086111	-0.004207	0.132783
14485	0.0	-100.0	0.5
14612	0.0	-100.0	0.5
14633	0.027778	0.0	0.5
14684	0.141667	0.017095	0.236849
14797	0.066667	0.052632	0.641646
14804	0.0	-100.0	0.5
14927	0.0	-100.0	0.5
15006	0.027778	0.0	0.5
15073	0.138889	0.064348	0.409043
15093	0.066667	0.052632	0.641646
15261	0.0	-100.0	0.5
15280	0.4375	0.304493	0.753192
15339	0.0	-100.0	0.5
15450	0.0	-100.0	0.5
15475	0.059722	-0.023256	0.0
15590	0.2	0.263158	0.903398
15617	0.086111	-0.004207	0.132783
15847	0.066667	0.052632	0.641646
15897	0.033333	0.0	0.4419
15960	0.0	-100.0	0.5
16254	0.0	-100.0	0.5
16260	nan	nan	-100.0
16286	0.0	-100.0	0.5
16531	0.0	-100.0	0.5
16565	0.0	-100.0	0.5
16744	0.027778	0.0	0.5
16771	0.0	-100.0	0.5
16929	0.0	-100.0	0.5
17135	0.0	-100.0	0.5
17142	0.475	0.631271	0.976602
17193	0.027778	0.0	0.5
17344	0.0	-100.0	0.5
17378	0.0	-100.0	0.5
17752	0.0	-100.0	0.5
17774	0.066667	0.052632	0.641646
17846	0.027778	0.0	0.5
18032	0.0	-100.0	0.5
18201	0.311111	0.122153	0.450372
18230	0.0	-100.0	0.5
18380	nan	nan	-100.0
18532	0.213333	0.025037	0.148615
18533	0.141667	0.017095	0.236849
18620	0.033333	0.0	0.4419
18907	0.1125	0.027375	0.242227
18923	0.381111	0.079642	0.315112
19289	0.0	-100.0	0.5
19536	0.0	-100.0	0.5
19893	0.059722	-0.023256	0.0
19946	0.0	-100.0	0.5
20049	0.0	-100.0	0.5
20139	0.027778	0.0	0.5
20476	0.0875	0.011732	0.21483
20519	0.0	-100.0	0.5
20621	0.027778	0.0	0.5
20709	0.1125	0.027375	0.242227
20771	0.0	-100.0	0.5
20813	0.16	0.050926	0.348994
21027	0.0	-100.0	0.5
21110	0.466667	0.339545	0.758183
21432	0.033333	0.0	0.4419
21613	nan	nan	-100.0
21669	0.503333	-0.043791	0.011895
21689	0.376389	0.452591	0.922553
21762	0.055556	0.043478	0.611858
21768	0.0	-100.0	0.5
21789	0.033333	0.0	0.4419
22019	0.066667	0.0	0.152454
22331	0.166667	0.210526	0.842311
22385	0.086111	-0.004207	0.132783
22488	0.0	-100.0	0.5
22528	0.0	-100.0	0.5
22612	0.027778	0.0	0.5
22646	0.0	-100.0	0.5
22745	0.0	-100.0	0.5
23095	0.0	-100.0	0.5
23338	0.1	0.105263	0.604908
23343	0.16	0.050926	0.348994
23437	0.643333	0.70639	0.951071
23466	0.266667	0.368421	0.854222
23479	0.086111	-0.004207	0.132783
23486	0.0	-100.0	0.5
23590	0.027778	0.0	0.5
23925	0.141667	0.017095	0.236849
24083	0.066667	0.0	0.152454
24115	0.083333	0.086957	1.0
24217	0.1125	0.027375	0.242227
25012	0.521667	0.064173	0.184994
25205	0.083333	0.086957	1.0
25232	nan	nan	-100.0
25258	0.0	-100.0	0.5
25398	0.086111	-0.004207	0.132783
25692	0.0	-100.0	0.5
25928	nan	nan	-100.0
26009	0.0	-100.0	0.5
26023	0.0	-100.0	0.5
26295	0.027778	0.0	0.5
26399	0.2	0.222222	0.784095
27023	0.0	-100.0	0.5
27088	0.033333	0.0	0.4419
27365	0.1125	0.027375	0.242227
27383	nan	nan	-100.0
27391	nan	nan	-100.0
27427	0.0	-100.0	0.5
27433	0.1125	0.027375	0.242227
27719	0.0	-100.0	0.5
27732	0.233333	0.31579	0.890819
27761	0.033333	0.0	0.4419
28092	0.461944	0.294622	0.738491
28366	0.0	-100.0	0.5
28367	0.027778	0.0	0.5
28555	0.0	-100.0	0.5
28824	0.0	-100.0	0.5
28837	0.373611	-0.054083	1e-06
28879	0.0	-100.0	0.5
28888	0.083333	0.086957	1.0
28917	0.155556	0.059524	0.394833
28918	0.027778	0.0	0.5
29135	0.116667	0.00316	0.16459
29354	0.0	-100.0	0.5
29535	nan	nan	-100.0
29650	0.0	-100.0	0.5
29794	0.083333	0.086957	1.0
29918	0.027778	0.0	0.5
30269	0.0	-100.0	0.5
30555	0.0	-100.0	0.5
30600	0.033333	0.0	0.4419
30692	0.619167	0.569444	0.901635
30708	0.027778	0.0	0.5
30831	0.0	-100.0	0.5
30918	0.388889	0.565217	0.978728
30935	0.027778	0.0	0.5
30936	0.0	-100.0	0.5
31096	0.0	-100.0	0.5
31154	0.0	-100.0	0.5
31314	0.55	0.646172	0.962649
31320	0.027778	0.0	0.5
31387	0.066667	0.052632	0.641646
31589	0.395833	0.184777	0.559492
31620	0.0	-100.0	0.5
31721	0.133333	0.111111	0.537667
31894	0.0	-100.0	0.5
32092	0.0	-100.0	0.5
32926	0.141667	0.017095	0.236849
32957	0.0	-100.0	0.5
32975	0.066667	0.0	0.152454
33032	0.333333	0.478261	0.96769
33069	0.0	-100.0	0.5
33134	0.059722	-0.023256	0.0
33152	0.0	-100.0	0.5
33247	0.5	0.06426	0.297776
33297	0.0	-100.0	0.5
33612	0.0	-100.0	0.5
33615	0.066667	0.0	0.152454
33758	0.060417	-0.011494	0.374041
33867	0.059722	-0.023256	0.0
33910	0.0	-100.0	0.5
33946	0.0	-100.0	0.5
34310	0.244444	0.045784	0.251318
34710	0.0	-100.0	0.5
34815	0.0	-100.0	0.5
34994	0.666667	0.768116	0.97448
35509	0.341667	0.150974	0.497423
35731	0.066667	0.0	0.152454
35821	0.35	-0.041856	0.000354
35880	0.1	0.105263	0.604908
35901	0.055556	0.043478	0.611858
35916	0.086111	-0.004207	0.132783
35953	0.027778	0.0	0.5
36078	0.086111	-0.004207	0.132783
36160	0.055556	0.043478	0.611858
36375	0.516667	0.44647	0.887561
36392	0.0	-100.0	0.5
36554	0.0	-100.0	0.5
37144	0.0	-100.0	0.5
37599	0.141667	0.017095	0.236849
37620	0.086111	-0.004207	0.132783
37624	0.0	-100.0	0.5
37666	0.027778	0.0	0.5
37725	0.491667	0.545514	0.939474
37773	nan	nan	-100.0
37871	0.0	-100.0	0.5
37988	nan	nan	-100.0
38030	0.033333	0.0	0.4419
38146	0.0	-100.0	0.5
38148	0.033333	0.0	0.4419
38283	0.033333	0.0	0.4419
38517	nan	nan	-100.0
38648	0.6	0.888889	0.99753
38685	0.0	-100.0	0.5
38723	0.1125	0.027375	0.242227
39080	0.141667	0.017095	0.236849
39194	0.0	-100.0	0.5
39257	0.1	0.105263	0.604908
39294	0.166667	0.041342	0.312526
39493	0.027778	0.0	0.5
39607	0.293333	0.093567	0.367383
39843	0.141667	0.017095	0.236849
40064	0.0	-100.0	0.5
40089	0.0	-100.0	0.5
40334	0.086111	-0.004207	0.132783
40464	0.0	-100.0	0.5
40551	nan	nan	-100.0
40779	0.027778	0.0	0.5
40882	0.059722	-0.023256	0.0
40967	0.116667	-0.026915	0.0
41008	0.116667	0.00316	0.16459
41114	0.0	-100.0	0.5
41171	0.0	-100.0	0.5
41354	0.0	-100.0	0.5
41622	0.027778	0.0	0.5
41844	nan	nan	-100.0
42005	0.133333	0.111111	0.537667
42053	0.0	-100.0	0.5
42338	0.52	0.167775	0.476591
42418	0.055556	0.043478	0.611858
42441	0.501667	0.194726	0.572098
42469	0.155556	0.059524	0.394833
42862	0.0	-100.0	0.5
42929	0.066667	0.0	0.152454
42962	0.283333	0.307534	0.750411
43135	0.194444	0.26087	0.897135
43147	0.066667	0.052632	0.641646
43181	0.027778	0.0	0.5
43533	0.291667	0.224452	0.610261
43604	0.0	-100.0	0.5
44458	nan	nan	-100.0
44480	0.536667	0.297369	0.651375
44759	0.377778	0.245625	0.672204
44765	0.0	-100.0	0.5
44902	0.059722	-0.023256	0.0
44998	0.0	-100.0	0.5
44999	0.186667	0.026733	0.24943
45172	0.083333	0.086957	1.0
45281	nan	nan	-100.0
45330	0.027778	0.0	0.5
45501	0.066667	0.0	0.152454
45951	0.366667	0.15942	0.515457
46158	0.222222	0.031884	0.176028
46202	nan	nan	-100.0
46223	0.301944	0.208832	0.626756
46238	0.066667	0.0	0.152454
46244	0.083333	0.086957	1.0
46333	0.0	-100.0	0.5
46419	0.0	-100.0	0.5
46445	0.0	-100.0	0.5
46533	0.066667	0.052632	0.641646
46586	0.0	-100.0	0.5
46599	0.083333	0.086957	1.0
46654	0.055556	0.043478	0.611858
46686	0.0	-100.0	0.5
46900	0.0	-100.0	0.5
46933	0.055556	0.043478	0.611858
47053	0.055556	0.043478	0.611858
47273	0.066667	0.0	0.152454
47523	0.444444	0.135698	0.446082
47869	0.086111	-0.004207	0.132783
48254	0.0	-100.0	0.5
48352	0.388889	0.565217	0.978728
48490	0.0	-100.0	0.5
48548	0.027778	0.0	0.5
48600	0.086111	-0.004207	0.132783
48816	0.027778	0.0	0.5
48977	0.027778	0.0	0.5
48985	0.55	0.228378	0.531721
49180	0.066667	0.052632	0.641646
49429	0.0	-100.0	0.5
49443	0.0	-100.0	0.5
49638	0.055556	0.043478	0.611858
49654	nan	nan	-100.0
50154	0.0	-100.0	0.5
50161	0.0	-100.0	0.5
50223	nan	nan	-100.0
50264	0.2	0.263158	0.903398
50335	0.303333	-0.028938	0.0
50626	0.155556	0.059524	0.394833
50692	0.141667	0.017095	0.236849
50824	nan	nan	-100.0
50869	0.0	-100.0	0.5
51218	nan	nan	-100.0
51663	0.0	-100.0	0.5
51791	0.066667	0.052632	0.641646
52022	0.0	-100.0	0.5
52047	0.027778	0.0	0.5
52230	0.141667	0.017095	0.236849
53235	0.083333	0.086957	1.0
53854	0.0	-100.0	0.5
53978	0.0	-100.0	0.5
54165	0.0	-100.0	0.5
54308	0.0	-100.0	0.5
54385	0.177778	0.069508	0.411556
54748	nan	nan	-100.0
54850	0.0	-100.0	0.5
54859	0.055556	0.043478	0.611858
54885	0.5	-0.055039	0.002226
55049	0.116667	0.00316	0.16459
55076	0.033333	0.0	0.4419
55144	0.177778	0.03442	0.283918
55357	0.0	-100.0	0.5
55447	nan	nan	-100.0
55454	0.1	0.105263	0.604908
55902	0.0	-100.0	0.5
55953	0.066667	0.052632	0.641646
55976	0.361667	0.054403	0.226374
56163	0.027778	0.0	0.5
56164	nan	nan	-100.0
56172	0.141667	0.017095	0.236849
56425	0.141667	0.017095	0.236849
56461	0.0	-100.0	0.5
56661	0.033333	0.0	0.4419
56688	nan	nan	-100.0
56703	0.0	-100.0	0.5
56770	nan	nan	-100.0
56859	0.0	-100.0	0.5
57069	0.0	-100.0	0.5
57207	nan	nan	-100.0
57280	0.1125	0.027375	0.242227
57283	0.0	-100.0	0.5
57322	0.0	-100.0	0.5
57457	0.0	-100.0	0.5
57673	0.066667	0.052632	0.641646
57714	0.0	-100.0	0.5
57720	0.0	-100.0	0.5
58084	0.286667	0.263566	0.676147
58205	0.0	-100.0	0.5
58212	0.141667	0.017095	0.236849
58256	0.0	-100.0	0.5
58347	0.0	-100.0	0.5
58578	0.177778	0.03442	0.283918
58582	0.0	-100.0	0.5
58694	nan	nan	-100.0
58746	0.2775	0.045132	0.227244
58845	nan	nan	-100.0
59167	0.133333	0.111111	0.537667
59231	0.0	-100.0	0.5
59364	0.033333	0.0	0.4419
59768	0.027778	0.0	0.5
59856	0.027778	0.0	0.5
59896	0.0	-100.0	0.5
60468	0.027778	0.0	0.5
61307	0.465278	0.09129	0.312448
61317	0.0	-100.0	0.5
61445	0.027778	0.0	0.5
61997	0.033333	0.0	0.4419
62004	0.527778	0.230061	0.596469
62173	0.055556	0.043478	0.611858
62384	nan	nan	-100.0
62714	nan	nan	-100.0
62815	0.033333	0.0	0.4419
62925	0.066667	0.0	0.152454
62996	0.0	-100.0	0.5
63088	0.0	-100.0	0.5
63212	0.1125	0.027375	0.242227
63322	nan	nan	-100.0
63973	0.0	-100.0	0.5
64020	0.0	-100.0	0.5
64052	0.111111	0.130435	1.0
64177	0.0	-100.0	0.5
64317	0.0	-100.0	0.5
64442	0.291667	0.224452	0.610261
64555	0.216667	0.106495	0.443077
64584	0.086111	-0.004207	0.132783
64726	0.1125	0.027375	0.242227
64801	0.583611	0.535864	0.888313
64958	0.0	-100.0	0.5
65097	0.0	-100.0	0.5
65230	0.391667	0.397796	0.876801
65506	nan	nan	-100.0
65704	0.066667	0.052632	0.641646
65850	0.086111	-0.004207	0.132783
65888	0.133333	0.111111	0.537667
66018	0.066667	0.052632	0.641646
66059	0.055556	0.043478	0.611858
66152	0.0	-100.0	0.5
66216	0.1125	0.027375	0.242227
66278	0.614167	0.519627	0.859687
66440	0.598333	0.46362	0.763563
66530	0.141667	0.017095	0.236849
66571	0.1	0.105263	0.604908
66573	nan	nan	-100.0
66608	0.4	0.578947	0.98269
66708	0.055556	0.043478	0.611858
66826	0.2	0.222222	0.784095
66857	0.027778	0.0	0.5
66876	0.141667	0.017095	0.236849
67019	0.141667	-0.007673	0.018324
67085	0.027778	0.0	0.5
67379	0.277778	0.391304	0.893444
67473	0.0	-100.0	0.5
67696	nan	nan	-100.0
67707	0.0	-100.0	0.5
67778	0.1	0.105263	0.604908
67921	0.1	0.105263	0.604908
67965	0.0	-100.0	0.5
68021	0.0	-100.0	0.5
68439	0.083333	0.086957	1.0
68441	0.141667	0.017095	0.236849
68445	0.138889	0.173913	1.0
68451	0.055556	0.043478	0.611858
68526	0.541667	0.665106	0.968263
68560	0.027778	0.0	0.5
68613	0.027778	0.0	0.5
68742	0.027778	0.0	0.5
68960	0.066667	0.052632	0.641646
68997	0.413889	0.20575	0.58192
69234	0.0	-100.0	0.5
69337	0.0	-100.0	0.5
69549	0.361111	0.340022	0.835812
69591	0.133333	0.157895	0.750256
69790	0.066667	0.052632	0.641646
69826	0.138889	0.173913	1.0
70059	nan	nan	-100.0
70161	0.0	-100.0	0.5
70238	0.027778	0.0	0.5
70423	0.555556	0.580145	0.951723
70742	0.055556	0.043478	0.611858
70789	0.0	-100.0	0.5
70971	0.0	-100.0	0.5
71043	0.0	-100.0	0.5
71049	0.027778	0.0	0.5
71202	0.066667	0.052632	0.641646
71451	0.033333	0.0	0.4419
71463	0.0	-100.0	0.5
71464	0.027778	0.0	0.5
71500	0.194444	0.26087	0.897135
71735	0.033333	0.0	0.4419
71856	0.027778	0.0	0.5
72034	0.033333	0.0	0.4419
72125	0.133333	0.111111	0.537667
72204	0.066667	0.0	0.152454
72270	0.0	-100.0	0.5
72316	0.54	0.181946	0.443454
72356	0.086111	-0.004207	0.132783
72357	0.0	-100.0	0.5
72397	0.066667	0.0	0.152454
72508	0.0	-100.0	0.5
72531	0.0	-100.0	0.5
72581	0.0	-100.0	0.5
72712	0.083333	0.086957	1.0
72839	0.0	-100.0	0.5
72908	0.066667	0.052632	0.641646
73028	0.086111	-0.004207	0.132783
73142	0.027778	0.0	0.5
73216	nan	nan	-100.0
73266	0.0	-100.0	0.5
73449	0.0	-100.0	0.5
73487	nan	nan	-100.0
73575	0.141667	-0.007673	0.018324
73764	0.141667	0.017095	0.236849
74068	0.0	-100.0	0.5
74264	0.027778	0.0	0.5
74335	0.0	-100.0	0.5
74408	0.0	-100.0	0.5
74447	0.027778	0.0	0.5
74535	nan	nan	-100.0
74682	0.066667	0.0	0.152454
74707	0.0	-100.0	0.5
74733	nan	nan	-100.0
74743	0.0	-100.0	0.5
74825	0.141667	0.017095	0.236849
74918	nan	nan	-100.0
75034	0.0	-100.0	0.5
75158	0.0	-100.0	0.5
75194	0.219444	0.164557	0.60959
75309	0.111111	0.130435	1.0
75731	0.033333	0.0	0.4419
76054	0.0	-100.0	0.5
76238	nan	nan	-100.0
76288	nan	nan	-100.0
76408	0.194444	0.042955	0.219869
76442	0.0	-100.0	0.5
76468	0.066667	0.0	0.152454
76507	nan	nan	-100.0
76808	0.171111	-0.069274	0.0
77027	0.0	-100.0	0.5
77216	0.244444	0.045784	0.251318
77262	0.0	-100.0	0.5
77298	0.033333	0.0	0.4419
77407	0.616667	0.811409	0.999422
77441	0.086111	-0.004207	0.132783
77468	nan	nan	-100.0
77614	0.607778	0.493681	0.798979
77625	0.452222	0.319517	0.774657
77810	0.506667	0.316713	0.752018
78429	0.141667	0.017095	0.236849
78537	0.055556	0.043478	0.611858
78615	0.055556	0.043478	0.611858
78647	0.055556	0.043478	0.611858
78684	0.241389	0.102417	0.407555
78779	0.378333	0.097236	0.3648
78969	0.579167	0.376191	0.702289
79093	0.16	0.050926	0.348994
79189	nan	nan	-100.0
79227	0.033333	0.0	0.4419
79229	0.033333	0.0	0.4419
79410	0.0	-100.0	0.5
79605	0.066667	0.052632	0.641646
79611	0.2	0.222222	0.784095
79909	0.027778	0.0	0.5
79928	0.0	-100.0	0.5
79978	0.285556	-0.06673	0.0
80157	nan	nan	-100.0
80171	0.0	-100.0	0.5
80314	0.066667	0.052632	0.641646
80345	0.027778	0.0	0.5
80456	nan	nan	-100.0
80539	0.083333	0.086957	1.0
80549	0.0	-100.0	0.5
80601	0.0	-100.0	0.5
80661	0.0	-100.0	0.5
80748	0.0	-100.0	0.5
80995	0.033333	0.0	0.4419
81114	0.0	-100.0	0.5
81412	0.033333	0.0	0.4419
81555	0.500833	-0.04659	0.0087
81571	0.0	-100.0	0.5
81572	0.0	-100.0	0.5
81727	0.086111	-0.004207	0.132783
81778	0.333333	0.2	0.610038
81901	0.066667	0.0	0.152454
81911	0.277778	0.092174	0.36396
82073	0.0	-100.0	0.5
82129	0.0	-100.0	0.5
82257	0.339167	0.130135	0.449393
82266	0.083333	0.086957	1.0
82335	0.033333	0.0	0.4419
82341	0.0	-100.0	0.5
82490	0.027778	0.0	0.5
82566	0.0	-100.0	0.5
82570	nan	nan	-100.0
82947	0.0	-100.0	0.5
83023	0.166667	0.210526	0.842311
83036	0.58	0.374092	0.699215
83153	0.0	-100.0	0.5
83241	0.0	-100.0	0.5
83290	0.0	-100.0	0.5
83438	0.0	-100.0	0.5
83445	0.0	-100.0	0.5
83451	0.0	-100.0	0.5
83461	nan	nan	-100.0
83484	nan	nan	-100.0
83718	0.0	-100.0	0.5
84077	0.0	-100.0	0.5
84082	0.388889	0.224758	0.635151
84241	0.138889	0.13913	0.639446
84659	0.0	-100.0	0.5
84722	nan	nan	-100.0
84740	0.086111	-0.004207	0.132783
84782	0.0	-100.0	0.5
85010	0.541667	0.393205	0.786732
85399	0.141667	0.017095	0.236849
85422	0.351111	0.058128	0.238608
85507	0.414167	0.007715	0.068283
85521	0.0	-100.0	0.5
85610	0.42	0.153358	0.475117
86043	0.033333	0.0	0.4419
86568	0.0	-100.0	0.5
86691	0.0	-100.0	0.5
86799	0.0	-100.0	0.5
86875	0.575556	0.351404	0.66516
86898	0.0	-100.0	0.5
86994	0.0	-100.0	0.5
87158	0.193333	-0.06506	0.0
87242	0.027778	0.0	0.5
87261	nan	nan	-100.0
87321	nan	nan	-100.0
87388	0.305556	0.161306	0.533852
87430	0.116667	0.00316	0.16459
87996	0.055556	0.043478	0.611858
88129	0.429167	0.542423	0.961764
88312	0.027778	0.0	0.5
88387	0.225556	-0.041058	0.0
88564	0.116667	0.00316	0.16459
88606	0.059722	-0.023256	0.0
88619	0.066667	0.052632	0.641646
88633	0.0	-100.0	0.5
88642	0.333333	0.444444	0.944273
88805	0.116667	0.00316	0.16459
89052	0.555556	0.40595	0.808293
89179	nan	nan	-100.0
89387	0.0	-100.0	0.5
89440	0.260833	-0.038497	2.3e-05
89808	0.066667	0.052632	0.641646
89820	0.0	-100.0	0.5
89823	0.086111	-0.004207	0.132783
89904	nan	nan	-100.0
89939	0.0	-100.0	0.5
90059	0.027778	0.0	0.5
90116	0.0	-100.0	0.5
90173	0.096667	-0.034483	0.023537
90204	0.0	-100.0	0.5
90477	0.0	-100.0	0.5
90732	0.066667	0.0	0.152454
90958	0.0	-100.0	0.5
91443	0.0	-100.0	0.5
91501	0.033333	0.0	0.4419
91534	0.133333	0.157895	0.750256
91571	0.027778	0.0	0.5
91716	0.0	-100.0	0.5
91724	0.0	-100.0	0.5
91787	0.0	-100.0	0.5
91924	0.0	-100.0	0.5
91969	0.126667	-0.024931	0.0
92049	0.0	-100.0	0.5
92086	0.219444	0.164557	0.60959
92122	0.055556	0.043478	0.611858
92371	0.0	-100.0	0.5
92383	0.0	-100.0	0.5
92392	0.0	-100.0	0.5
92463	0.0	-100.0	0.5
92529	0.0	-100.0	0.5
92559	0.0	-100.0	0.5
92732	0.0	-100.0	0.5
92747	0.111111	0.130435	1.0
92856	0.389167	0.018452	0.126214
93045	0.166667	0.217391	0.872368
93165	0.266667	0.368421	0.854222
93659	0.0	-100.0	0.5
93660	0.066667	0.0	0.152454
93730	0.166667	0.210526	0.842311
93800	0.0	-100.0	0.5
93859	nan	nan	-100.0
94107	0.027778	0.0	0.5
94124	0.0	-100.0	0.5
94176	0.027778	0.0	0.5
94280	0.395556	-0.055878	0.0
94432	0.666667	0.736842	0.96759
94460	0.055556	0.043478	0.611858
94537	0.055556	0.043478	0.611858
94539	0.0	-100.0	0.5
94542	0.033333	0.0	0.4419
94767	0.0	-100.0	0.5
94893	0.133333	0.157895	0.750256
95007	0.1125	0.027375	0.242227
95338	0.066667	0.052632	0.641646
95390	0.0	-100.0	0.5
95699	nan	nan	-100.0
95814	0.455556	0.587487	0.985588
95989	0.027778	0.0	0.5
96215	0.055556	0.043478	0.611858
96407	0.0	-100.0	0.5
96479	0.083333	0.086957	1.0
96489	0.066667	0.052632	0.641646
96893	0.0	-100.0	0.5
97572	0.472222	0.695652	0.990503
97658	0.0	-100.0	0.5
97710	0.055556	0.043478	0.611858
97762	0.0	-100.0	0.5
97811	0.086111	-0.004207	0.132783
97826	0.086111	-0.004207	0.132783
97857	0.027778	0.0	0.5
97871	0.033333	0.0	0.4419
98055	0.133333	0.111111	0.537667
98408	0.033333	0.0	0.4419
98598	0.138889	0.064348	0.409043
98660	0.086111	-0.004207	0.132783
98755	0.595	0.566784	0.872074
98867	0.0	-100.0	0.5
98870	0.055556	0.043478	0.611858
98993	0.460556	-0.051528	0.0
99032	0.0	-100.0	0.5
99339	0.027778	0.0	0.5
99452	0.055556	0.043478	0.611858
99528	nan	nan	-100.0
99546	0.141667	0.017095	0.236849
99627	0.059722	-0.023256	0.0
99686	0.0	-100.0	0.5
99755	0.133333	0.111111	0.537667
99964	0.055556	0.043478	0.611858
100002	0.133333	0.111111	0.537667
100005	0.2225	-0.024444	0.0
100354	nan	nan	-100.0
100363	0.194444	0.26087	0.897135
100598	0.027778	0.0	0.5
100663	0.0	-100.0	0.5
100693	0.027778	0.0	0.5
101094	0.2	0.222222	0.784095
101114	0.116667	0.00316	0.16459
101259	0.0	-100.0	0.5
101439	0.465278	0.010303	0.09991
101498	0.191667	0.145558	0.55412
101592	0.0	-100.0	0.5
101647	0.0	-100.0	0.5
101728	0.0	-100.0	0.5
101801	nan	nan	-100.0
101837	0.055556	0.043478	0.611858
101993	0.0	-100.0	0.5
102448	0.133333	0.111111	0.537667
102454	0.0	-100.0	0.5
102690	0.133333	0.111111	0.537667
102796	0.066667	0.0	0.152454
102859	0.0	-100.0	0.5
102870	0.055556	0.043478	0.611858
102872	0.0	-100.0	0.5
102925	0.0	-100.0	0.5
103089	0.311111	0.122153	0.450372
103213	0.0	-100.0	0.5
103232	0.0	-100.0	0.5
103500	0.0	-100.0	0.5
103501	0.2	0.222222	0.784095
103612	0.0	-100.0	0.5
103774	0.0	-100.0	0.5
103950	0.0	-100.0	0.5
103990	0.116667	-0.026915	0.0
104157	0.027778	0.0	0.5
104181	nan	nan	-100.0
104227	0.0	-100.0	0.5
104402	0.506944	0.685652	0.983964
104474	0.055556	0.043478	0.611858
104713	nan	nan	-100.0
104741	0.347222	0.414737	0.913622
104874	0.133333	0.157895	0.750256
105148	nan	nan	-100.0
105172	0.138889	0.173913	1.0
105246	0.027778	0.0	0.5
105292	0.511111	0.108828	0.410528
105444	0.0	-100.0	0.5
105689	0.0	-100.0	0.5
105739	0.0	-100.0	0.5
105865	0.027778	0.0	0.5
105924	0.0	-100.0	0.5
105956	0.111111	0.130435	1.0
106224	0.1125	0.027375	0.242227
106510	0.1	0.105263	0.604908
106553	0.0	-100.0	0.5
106762	0.241667	0.129435	0.470377
107039	0.5	0.318357	0.75404
107124	0.166667	0.041342	0.312526
107243	0.276667	0.181991	0.538739
107275	0.0	-100.0	0.5
107387	0.033333	0.0	0.4419
107522	0.166667	0.210526	0.842311
107533	0.213333	0.025037	0.148615
108179	0.141667	0.017095	0.236849
108181	nan	nan	-100.0
108188	0.527778	0.782609	0.999949
108414	0.086111	-0.004207	0.132783
108446	0.066667	0.0	0.152454
108527	nan	nan	-100.0
108528	nan	nan	-100.0
108585	0.0	-100.0	0.5
108728	0.033333	0.0	0.4419
108868	0.0	-100.0	0.5
108897	0.066667	0.052632	0.641646
109170	0.0	-100.0	0.5
109296	0.155556	0.099624	0.50523
109410	0.133333	0.157895	0.750256
109551	0.0	-100.0	0.5
109552	0.2	0.222222	0.784095
109654	0.055556	0.043478	0.611858
109802	0.086111	-0.004207	0.132783
109974	0.0	-100.0	0.5
110195	0.133333	0.111111	0.537667
110284	0.027778	0.0	0.5
110477	0.4	0.578947	0.98269
111164	0.141667	0.017095	0.236849
111219	0.0	-100.0	0.5
111273	0.0	-100.0	0.5
111401	0.027778	0.0	0.5
111518	0.059722	-0.023256	0.0
111587	0.141667	0.017095	0.236849
111631	0.0	-100.0	0.5
112265	0.055556	0.043478	0.611858
112288	0.1	0.105263	0.604908
112292	0.2	0.263158	0.903398
112364	0.0	-100.0	0.5
112586	0.086111	-0.004207	0.132783
112875	0.0	-100.0	0.5
112993	0.25	0.347826	0.959291
113227	0.0	-100.0	0.5
113316	0.0	-100.0	0.5
113401	nan	nan	-100.0
113698	nan	nan	-100.0
113822	0.027778	0.0	0.5
114213	0.141667	0.017095	0.236849
114238	0.0	-100.0	0.5
114358	0.033333	0.0	0.4419
114386	0.641667	0.647478	0.92524
114530	0.033333	0.0	0.4419
114757	0.0	-100.0	0.5
114872	0.055556	0.043478	0.611858
114977	0.0	-100.0	0.5
115011	0.055556	0.043478	0.611858
115067	0.666667	0.958333	0.99609
115190	0.208333	0.113349	0.463573
115205	0.2	0.263158	0.903398
115433	0.1125	0.027375	0.242227
115806	0.0	-100.0	0.5
115820	0.285556	0.108442	0.402154
115877	nan	nan	-100.0
116013	0.027778	0.0	0.5
116321	0.033333	0.0	0.4419
116499	nan	nan	-100.0
116637	0.0	-100.0	0.5
116927	0.1	0.105263	0.604908
117141	0.526667	0.323929	0.749446
117178	0.0	-100.0	0.5
117225	0.033333	0.0	0.4419
117610	nan	nan	-100.0
117637	0.055556	0.043478	0.611858
117688	0.0	-100.0	0.5
117807	nan	nan	-100.0
117909	0.091667	-0.030303	0.035304
117921	0.055556	0.043478	0.611858
117929	0.0	-100.0	0.5
117931	0.0	-100.0	0.5
118030	0.1	0.105263	0.604908
118068	0.033333	0.0	0.4419
118156	nan	nan	-100.0
118407	0.0	-100.0	0.5
118611	0.027778	0.0	0.5
118880	0.0	-100.0	0.5
118889	nan	nan	-100.0
119040	0.219444	0.201865	0.722179
119080	0.141667	0.017095	0.236849
119238	0.033333	0.0	0.4419
119449	0.055556	0.043478	0.611858
119609	0.066667	0.0	0.152454
119896	0.237778	-0.028519	0.013562
120065	0.055556	0.043478	0.611858
120136	0.1	0.105263	0.604908
120290	0.027778	0.0	0.5
120534	nan	nan	-100.0
121207	0.133333	0.157895	0.750256
121320	0.059722	-0.023256	0.0
121353	0.1125	0.027375	0.242227
121595	0.561667	0.397459	0.797099
121692	0.472222	-0.005277	0.064466
121705	0.0	-100.0	0.5
121861	0.059722	-0.023256	0.0
121906	0.213333	0.025037	0.148615
122189	0.0	-100.0	0.5
122190	nan	nan	-100.0
122340	0.033333	0.0	0.4419
122366	nan	nan	-100.0
122419	0.0	-100.0	0.5
122513	0.466667	0.339545	0.758183
122563	0.180833	0.006656	0.14017
122639	0.133333	0.111111	0.537667
122640	0.0	-100.0	0.5
122670	0.083333	0.086957	1.0
122805	0.066667	0.0	0.152454
122834	0.027778	0.0	0.5
122835	0.0	-100.0	0.5
122850	0.0	-100.0	0.5
122984	0.0	-100.0	0.5
122986	0.0	-100.0	0.5
122987	nan	nan	-100.0
123073	0.141667	0.017095	0.236849
123298	0.0	-100.0	0.5
123397	0.0	-100.0	0.5
123527	0.0	-100.0	0.5
123657	0.0	-100.0	0.5
123777	0.0	-100.0	0.5
123876	0.1125	0.027375	0.242227
123972	0.059722	-0.023256	0.0
123981	nan	nan	-100.0
124118	0.0	-100.0	0.5
124177	0.0	-100.0	0.5
124235	nan	nan	-100.0
124450	0.0	-100.0	0.5
124739	0.403611	0.324336	0.792852
124835	0.0	-100.0	0.5
124874	nan	nan	-100.0
124971	0.0	-100.0	0.5
125063	0.066667	0.052632	0.641646
125074	0.0	-100.0	0.5
125076	0.141667	0.017095	0.236849
125113	0.0	-100.0	0.5
125559	0.027778	0.0	0.5
125679	0.566667	0.842105	0.997355
125896	0.0	-100.0	0.5
126056	nan	nan	-100.0
126082	0.266667	0.368421	0.854222
126452	nan	nan	-100.0
126492	0.0	-100.0	0.5
126504	0.055556	0.043478	0.611858
126734	nan	nan	-100.0
126841	0.027778	0.0	0.5
127013	0.0	-100.0	0.5
127149	0.0	-100.0	0.5
127260	0.0	-100.0	0.5
127310	0.027778	0.0	0.5
127564	0.091667	-0.030303	0.035304
127952	0.027778	0.0	0.5
128121	0.448333	0.274597	0.707232
128233	0.304444	0.065794	0.288437
128307	0.0	-100.0	0.5
128318	0.0	-100.0	0.5
128408	0.066667	0.0	0.152454
128419	0.0	-100.0	0.5
128425	0.083333	0.086957	1.0
128520	0.066667	0.0	0.152454
128586	nan	nan	-100.0
128636	0.1125	0.027375	0.242227
128743	0.0	-100.0	0.5
128806	0.0	-100.0	0.5
129040	0.0	-100.0	0.5
129141	0.1125	0.027375	0.242227
129354	nan	nan	-100.0
129358	0.055556	0.043478	0.611858
129374	nan	nan	-100.0
129413	0.0	-100.0	0.5
129762	0.0	-100.0	0.5
129885	0.086111	-0.004207	0.132783
130325	0.395	0.106522	0.389564
130326	0.027778	0.0	0.5
130534	0.027778	0.0	0.5
130542	0.435556	-0.020875	0.01541
131021	0.059722	-0.023256	0.0
131120	0.0	-100.0	0.5
131171	0.141667	0.017095	0.236849
131316	0.0	-100.0	0.5
131660	0.0	-100.0	0.5
131726	0.033333	0.0	0.4419
131988	0.083333	0.086957	1.0
132061	0.066667	0.0	0.152454
132187	0.0	-100.0	0.5
132294	0.055556	0.043478	0.611858
132480	0.0	-100.0	0.5
132956	0.066667	0.0	0.152454
133510	0.086111	-0.004207	0.132783
133676	0.141667	0.017095	0.236849
133830	0.133333	0.111111	0.537667
133848	0.055556	0.043478	0.611858
133897	0.0	-100.0	0.5
134005	0.055556	0.043478	0.611858
134565	0.059722	-0.023256	0.0
134586	0.0	-100.0	0.5
134657	nan	nan	-100.0
134819	0.133333	0.111111	0.537667
135116	0.0	-100.0	0.5
135576	0.0	-100.0	0.5
135787	0.027778	0.0	0.5
135858	0.033333	0.0	0.4419
135895	0.216667	0.106495	0.443077
135941	0.027778	0.0	0.5
136170	0.027778	0.0	0.5
136586	nan	nan	-100.0
137037	nan	nan	-100.0
137073	nan	nan	-100.0
137219	0.0	-100.0	0.5
137473	0.033333	0.0	0.4419
137621	0.258333	0.103319	0.409772
137729	0.1125	0.027375	0.242227
138083	0.027778	0.0	0.5
138220	nan	nan	-100.0
138306	0.083333	0.086957	1.0
138457	0.0	-100.0	0.5
138611	0.0	-100.0	0.5
138676	0.0	-100.0	0.5
138764	0.066667	0.052632	0.641646
138800	0.361667	0.188504	0.577102
138810	0.0	-100.0	0.5
138818	0.238889	0.12639	0.463663
139111	0.116667	-0.026915	0.0
139143	0.141667	0.017095	0.236849
139336	0.033333	0.0	0.4419
139356	0.0	-100.0	0.5
139635	0.0	-100.0	0.5
139643	0.0	-100.0	0.5
139756	0.0	-100.0	0.5
139845	0.177778	0.03442	0.283918
139943	0.027778	0.0	0.5
139957	0.305556	0.434783	0.936491
139981	0.027778	0.0	0.5
140036	0.055556	0.043478	0.611858
140061	0.055556	0.043478	0.611858
140608	0.141667	-0.007673	0.018324
140755	0.258333	0.135011	0.482432
140919	nan	nan	-100.0
141039	0.1125	0.027375	0.242227
141049	0.0	-100.0	0.5
141053	0.033333	0.0	0.4419
141288	0.027778	0.0	0.5
141369	0.0	-100.0	0.5
141416	0.333333	0.444444	0.944273
141570	0.086111	-0.004207	0.132783
141659	0.1125	0.027375	0.242227
