        clusters_total  hidepth_min clusters_hidepth avg_depth_total avg_depth_mj avg_depth_stat sd_depth_total sd_depth_mj sd_depth_stat filtered_bad_align
101_ddr         184632          6.0            27147           16.89       106.40         106.40         159.58      404.72        404.72                  0
101_epi           8577          6.0              107            1.44        14.32          14.32           1.96       10.39         10.39                  0
103_ddr         440773          6.0            66873           12.21        72.84          72.84          73.08      175.67        175.67                  0
103_epi         189009          6.0            19757           19.88       179.36         179.36         110.54      297.46        297.46               1037
104_ddr         251616          6.0            46759           14.04        68.48          68.48          68.54      147.09        147.09                  0
104_epi          74690          6.0            14777           16.13        75.65          75.65          55.48      105.55        105.55               1012
105_ddr         630469          6.0            58844           10.95       104.08         104.08          98.90      308.59        308.59               1315
105_epi         148064          6.0            17953           17.55       135.36         135.36         103.54      269.46        269.46                 29
106_ddr         636695          6.0            67278           10.87        91.51          91.51         123.33      369.68        369.68                  0
106_epi         201130          6.0            21969           21.70       188.31         188.31         130.22      352.24        352.24                  0
107_ddr          78861          6.0            16657            9.25        37.35          37.35          37.83       75.96         75.96                122
107_epi          44798          6.0            11423           12.18        43.46          43.46          44.60       80.54         80.54                 10
108_ddr         173787          6.0            27570           11.90        66.64          66.64          50.88      112.93        112.93                499
108_epi          39769          6.0            14616           29.30        75.59          75.59          78.72      116.06        116.06                  0
109_ddr         141396          6.0            25677           13.72        68.14          68.14          67.60      146.76        146.76                 36
109_epi         106172          6.0            13477           11.97        85.20          85.20          63.02      158.56        158.56                  0
110_ddr         293468          6.0            52531           17.71        91.99          91.99          98.89      218.87        218.87                132
110_epi         168454          6.0            16627           13.94       129.41         129.41          76.08      209.40        209.40                316
111_ddr         263769          6.0            42211           15.56        89.58          89.58         106.82      254.51        254.51                  0
111_epi         182240          6.0            19650           19.64       171.67         171.67         130.41      363.06        363.06                  0
112_ddr          51465          6.0            10561            5.82        22.18          22.18          15.54       28.92         28.92                302
112_epi          33659          6.0             9212            9.83        31.97          31.97          26.83       44.19         44.19                 10
113_ddr          10712          6.0              127            1.50        13.17          13.17           2.00       12.42         12.42                  2
113_epi          99363          6.0            16005           24.38       144.07         144.07         106.86      231.97        231.97                116
114_ddr         108806          6.0            20474           11.00        51.13          51.13          44.88       93.34         93.34                 38
114_epi          91468          6.0            15383           15.58        85.89          85.89          76.25      169.18        169.18                  0
115_ddr         201195          6.0            21409           10.48        86.00          86.00          53.02      141.54        141.54                561
115_epi         215564          6.0            21169           10.74        95.89          95.89          59.92      168.86        168.86                  0
116_ddr          71448          6.0            25399           24.77        65.14          65.14          83.55      130.80        130.80                877
116_epi          59213          6.0            18528           19.63        57.30          57.30          73.61      123.50        123.50                215
117_ddr         223422          6.0            38958           12.53        64.60          64.60          63.11      139.84        139.84                242
117_epi         267811          6.0            30033            8.07        60.70          60.70          44.71      121.23        121.23                  9
118_ddr         365029          6.0            62896           17.97        97.39          97.39         110.33      251.03        251.03                191
118_epi         247209          6.0            17195           11.58       150.14         150.14          74.93      245.13        245.13                  0
121_ddr         193131          6.0            50664           17.69        62.97          62.97          87.33      162.14        162.14                499
121_epi         164858          6.0            16265           15.11       141.36         141.36          96.39      276.55        276.55                  0
122_ddr         380263          6.0            58541           14.50        86.72          86.72          91.61      219.87        219.87                  0
122_epi         165994          6.0            18811           17.66       145.94         145.94          96.99      253.87        253.87                  0
123_ddr         319923          6.0            41091           13.21        92.37          92.37          76.61      196.22        196.22                 70
123_epi         145951          6.0            16042           11.83        96.05          96.05          58.52      152.25        152.25                  0
124_ddr         152559          6.0            28280           13.61        66.09          66.09          58.91      123.84        123.84                221
124_epi         110185          6.0            13590           13.67       101.45         101.45          62.72      151.99        151.99                423
125_ddr         208448          6.0            45228           11.36        46.71          46.71          47.40       93.56         93.56                463
125_epi         198912          6.0            18885           13.64       131.09         131.09          73.77      205.12        205.12                 26
126_ddr         269654          6.0            61122           13.79        55.76          55.76          64.45      126.66        126.66                125
126_epi         180144          6.0            16140           13.07       132.13         132.13          83.31      248.78        248.78                423
127_ddr         299184          6.0            33643           12.39        98.88          98.88          72.23      194.82        194.82                  0
127_epi         527801          6.0            51048           12.54       117.57         117.57         102.05      308.96        308.96                366
128_ddr         218884          6.0            37124           16.44        89.69          89.69          81.78      181.57        181.57                  0
128_epi         217469          6.0            26103           12.11        90.20          90.20          67.05      174.70        174.70                627
129_ddr         209175          6.0            42121           14.17        64.45          64.45          65.81      135.42        135.42                 42
129_epi         396241          6.0            46904           10.26        76.05          76.05          69.58      189.68        189.68                 50
130_ddr         265671          6.0            50842           12.50        59.10          59.10          63.24      134.94        134.94                990
130_epi         153157          6.0            16000           13.06       113.72         113.72          70.18      189.30        189.30               1204
131_ddr         303623          6.0            56907           10.93        51.71          51.71          57.73      125.42        125.42                394
131_epi         415315          6.0            59327            9.90        60.81          60.81          63.56      158.92        158.92                253